# Position (bp)	A	C	G	T	N
0.0	24.14073857041436	25.8605291923506	25.988432369082364	24.010299868152675	0.0
1.0	24.105100350465975	25.941806871837635	26.043650480622947	23.90944229707344	0.0
2.0	24.116228490291753	25.84306223870001	25.985755981023	24.054953289985235	0.0
3.0	24.089887197286426	25.928847519129132	26.06435727245067	23.916908011133774	0.0
4.0	24.131723368530185	25.85334520334915	26.033930966091575	23.981000462029098	0.0
5.0	24.13961167017884	25.904478301535967	26.00787139814512	23.948038630140072	0.0
6.0	24.099043261700043	25.839963263052322	26.03364924103269	24.027344234214944	0.0
7.0	23.958321594789215	25.95913296295879	26.074781099629252	24.007764342622746	0.0
8.0	24.122708166646007	25.864614205704367	25.97124714049065	24.041430487158973	0.0
9.0	24.128342667823617	25.885039272473207	26.00082827167311	23.985789788030065	0.0
10.0	24.091436685110267	25.99167220725949	25.998715333731504	23.918175773898735	0.0
11.0	24.090591509933628	25.827426497932137	25.984769943316916	24.09721204881732	0.0
12.0	24.07129334340031	25.88264460947272	26.007307948027364	24.038754099099606	0.0
13.0	24.086647359109296	26.00561759767408	25.955752262252226	23.9519827809644	0.0
14.0	24.03072493492151	25.88616617270873	26.04886239421224	24.03424649815752	0.0
15.0	24.02001938268405	25.92729803130529	25.989700131847325	24.062982454163333	0.0
16.0	24.05706622792684	25.962936251253677	25.996743258319345	23.983254262500143	0.0
17.0	24.041993937276732	25.882503746943282	26.063793822332908	24.011708493447077	0.0
18.0	24.006637442387223	25.865881968469335	26.09661479169249	24.03086579745095	0.0
19.0	24.095380835934595	25.951526386369018	26.01223813655777	23.94085464113862	0.0
20.0	24.055657602632436	25.997729296025422	25.973500940961696	23.973112160380442	0.0
21.0	24.068194367752625	25.88982859847418	26.05576465815481	23.986212375618386	0.0
22.0	24.084252696108813	25.897857762652272	25.96434487654808	24.053544664690836	0.0
23.0	24.008468655269947	25.913211778361262	26.040128917386944	24.038190648981846	0.0
24.0	24.050163963984268	25.89518137459291	26.04745376891784	24.007200892504986	0.0
25.0	24.095521698464033	25.89757603759339	26.02083075085363	23.986071513088948	0.0
26.0	24.060024341045086	25.916029028950067	25.99040444449453	24.033542185510317	0.0
27.0	24.03157011009815	25.88489840994377	26.040128917386944	24.04340256257114	0.0
28.0	24.10862191370198	25.93321425754178	26.06914659845164	23.889017230304603	0.0
29.0	24.029457172156548	25.88982859847418	26.06914659845164	24.011567630917636	0.0
30.0	24.0250904337439	25.88518013500265	26.056187245743136	24.033542185510317	0.0
31.0	23.975506823380925	25.93983479642547	26.063230372215145	24.021428007978454	0.0
32.0	24.02565388386166	25.983643043081393	26.015900562323218	23.974802510733724	0.0
33.0	24.009595555505474	25.928706656599694	26.026183526972357	24.03551426092248	0.0
34.0	24.021991458096213	25.860670054880043	26.103939643223384	24.013398843800356	0.0
35.0	24.074955769165758	25.986319431140757	25.959414688017667	23.979310111675815	0.0
36.0	24.09298617293411	25.940398246543232	26.065906760274515	23.90070882024814	0.0
37.0	24.076646119519037	25.96814816484297	25.999278783849267	23.955926931788728	0.0
38.0	24.044529462806658	25.98195269272811	25.98547425596412	23.98804358850111	0.0
39.0	24.11960919099832	25.837427737522393	26.06435727245067	23.978605799028614	0.0
40.0	24.058333990691803	25.923072155422076	26.0892899401616	23.929303913724517	0.0
41.0	24.15144412265182	25.959414688017667	25.976459054079942	23.912682135250567	0.0
42.0	24.031147522509833	25.940820834131557	26.008716573321767	24.01931507003685	0.0
43.0	24.075096631695196	26.015055387146575	25.98110751755147	23.928740463606758	0.0
44.0	24.0649545295755	26.0067444979096	25.920536629892155	24.007764342622746	0.0
45.0	24.051431726749232	25.989418406788445	26.04308703050519	23.916062835957135	0.0
46.0	24.042275662335612	25.968570752431287	26.076048862394213	23.913104722838888	0.0
47.0	24.050304826513706	25.932228219835697	26.067033660510035	23.95043329314056	0.0
48.0	23.95634951937705	25.888842560768094	26.08393716404287	24.07087075581199	0.0
49.0	23.974802510733724	25.919268867127194	26.13239387417032	23.97353474796876	0.0
50.0	24.04086703704121	25.99941964637871	25.93842617113107	24.021287145449012	0.0
51.0	24.0765052569896	26.008153123204004	26.021112475912506	23.89422914389389	0.0
52.0	24.09805722399396	26.004349834909114	25.978290266962667	23.91930267413426	0.0
53.0	24.016216094389165	25.96068245078263	26.003927247320796	24.01917420750741	0.0
54.0	24.05002310145483	26.01139296138113	25.975754741432738	23.962829195731302	0.0
55.0	24.001988978915698	25.937017545836667	26.025056626736838	24.035936848510804	0.0
56.0	24.02311835833174	25.968852477490167	26.053792582742652	23.954236581435445	0.0
57.0	24.035795985981363	25.987164606317403	26.02759215226676	23.949447255434475	0.0
58.0	24.0352325358636	25.970965415431774	26.018013500264818	23.975788548439805	0.0
59.0	23.986916688265588	26.062385197038505	25.998997058790387	23.95170105590552	0.0
60.0	24.02551302133222	25.990827032082848	25.952230699016216	24.031429247568713	0.0
61.0	23.98283167491182	26.05210223238937	26.025620076854594	23.93944601584422	0.0
62.0	24.031147522509833	26.003363797203033	26.017450050147062	23.948038630140072	0.0
63.0	23.990579114031036	26.12732282311047	25.95927382548823	23.922824237370264	0.0
64.0	24.026076471449983	25.9227904303632	25.973219215902816	24.077913882284	0.0
65.0	24.0026932915629	25.971106277961216	25.993221695083335	24.032978735392554	0.0
66.0	23.99762224050305	25.940257384013794	26.040269779916386	24.021850595566775	0.0
67.0	23.996213615208646	26.063793822332908	25.918423691950554	24.021568870507895	0.0
68.0	24.06241900404557	25.972796628314494	26.0602722590969	23.90451210854303	0.0
69.0	24.002129841445136	25.883067197061045	26.04379134315239	24.07101161834143	0.0
70.0	23.995086714973123	26.11534950810805	25.962513663665355	23.927050113253472	0.0
71.0	23.990156526442714	26.055905520684252	25.896026549769545	24.057911403103482	0.0
72.0	24.03424649815752	26.0053358726152	25.92814320648193	24.032274422745353	0.0
73.0	24.044388600277216	25.983783905610835	25.91898714206831	24.052840352043635	0.0
74.0	23.860422136828227	26.04956670685944	26.00294120961471	24.08706994669762	0.0
75.0	24.022977495802298	26.018717812912023	25.994066870259974	23.964237821025705	0.0
76.0	23.967900246791153	26.0074488105568	26.025197489266276	23.999453453385772	0.0
77.0	24.03565512345192	26.06365295980347	25.93786272101331	23.962829195731302	0.0
78.0	24.06030606610397	25.965049189195284	26.02280282626579	23.951841918434962	0.0
79.0	23.94677086737511	26.035480453915415	26.052806545036567	23.964942133672906	0.0
80.0	24.003538466739542	26.02646525203124	25.96575350184248	24.004242779386743	0.0
81.0	23.995086714973123	25.97533215384442	26.080838188395184	23.948742942787273	0.0
82.0	23.975647685910367	25.988150644023484	26.05576465815481	23.980437011911334	0.0
83.0	23.974239060615965	26.015055387146575	25.993644282671656	24.017061269565808	0.0
84.0	23.95085588072888	26.023084551324672	25.965049189195284	24.06101037875117	0.0
85.0	24.077913882284	26.030268540326123	25.929833556835213	23.96198402055466	0.0
86.0	23.97198526014492	26.167609506530386	25.883067197061045	23.97733803626365	0.0
87.0	24.10805846358422	26.01125209885169	25.86560024341045	24.015089194153642	0.0
88.0	23.944094479315748	26.06858314833388	25.998997058790387	23.98832531355999	0.0
89.0	24.03086579745095	25.992799107495014	25.893631886769064	24.08270320828497	0.0
90.0	24.014807469094762	26.01857695038258	25.967021264607443	23.999594315915214	0.0
91.0	24.007200892504986	26.10492568092947	25.911662290537418	23.976211136028127	0.0
92.0	24.02973889721543	26.04336875556407	25.927438893834733	23.999453453385772	0.0
93.0	24.053262939631953	25.926734581187528	25.977022504197706	24.042979974982813	0.0
94.0	23.943953616786306	26.06858314833388	26.010406923675045	23.97705631120477	0.0
95.0	24.039740136805687	26.023788863971873	26.01716832508818	23.91930267413426	0.0
96.0	23.996917927855847	25.940257384013794	25.95279414913398	24.110030538996384	0.0
97.0	24.00452450444562	26.05844104621418	25.919128004597752	24.017906444742447	0.0
98.0	23.97649286108701	26.07421764951149	25.919550592186074	24.02973889721543	0.0
99.0	24.021146282919574	26.03111371550277	25.9234947430104	24.02424525856726	0.0
100.0	23.97043577232108	26.005054147556315	26.004349834909114	24.02016024521349	0.0
101.0	23.806894375640926	26.05421517033097	26.029141640090604	24.1097488139375	0.0
102.0	23.881692378773707	25.988995819200127	26.016323149911543	24.112988652114627	0.0
103.0	24.070025580635345	25.97547301637386	25.89644913735787	24.058052265632924	0.0
104.0	24.00987728056435	26.00561759767408	25.92927010671745	24.05523501504412	0.0
105.0	24.021005420390132	25.921100080009918	26.02392972650131	24.03396477309864	0.0
106.0	23.96804110932059	26.044495655799594	25.986178568611322	24.001284666268496	0.0
107.0	23.9526870936116	26.1232378097567	25.875319757941828	24.048755338689865	0.0
108.0	24.029457172156548	26.008012260674562	25.90152018841772	24.06101037875117	0.0
109.0	23.98832531355999	26.009139160910085	25.961668488488716	24.04086703704121	0.0
110.0	24.02030110774293	26.042382717857986	25.953357599251735	23.983958575147344	0.0
111.0	24.058615715750683	25.93842617113107	25.96941592760793	24.033542185510317	0.0
112.0	24.02480870868502	26.02280282626579	25.915042991243986	24.037345473805203	0.0
113.0	24.016216094389165	26.05111619468328	25.978712854550988	23.953954856376562	0.0
114.0	24.065377117163816	26.02392972650131	25.936313233189466	23.974379923145403	0.0
115.0	23.96170229549578	26.042382717857986	26.032099753208847	23.963815233437384	0.0
116.0	23.922824237370264	26.008434848262883	26.041537542681347	24.027203371685506	0.0
117.0	23.963815233437384	26.135492849818004	25.93842617113107	23.96226574561354	0.0
118.0	23.940572916079738	25.989559269317887	25.983924768140277	24.085943046462095	0.0
119.0	23.991565151737117	26.065906760274515	25.825877010108293	24.116651077880075	0.0
120.0	23.978464936499172	26.022380238677467	25.88137684670776	24.117777978115598	0.0
121.0	23.95578606925929	26.03815684197478	26.02252110120691	23.98353598755902	0.0
122.0	23.976915448675328	25.986882881258524	25.95617484984054	24.080026820225605	0.0
123.0	23.97635199855757	26.06956918603996	25.892223261474662	24.06185555392781	0.0
124.0	24.006496579857785	25.99293997002445	25.907295552124772	24.09326789799299	0.0
125.0	23.94015032849142	26.097037379280813	25.96096417584151	24.001848116386256	0.0
126.0	23.920006986781463	26.023366276383552	25.972233178196735	24.084393558638254	0.0
127.0	24.09918412422948	25.9199731797744	25.91293005330238	24.06791264269374	0.0
128.0	23.974520785674844	26.01660487497042	25.99293997002445	24.01593436933028	0.0
129.0	24.096085148581796	26.008293985733445	25.836159974757432	24.059460890927326	0.0
130.0	23.949588117963916	26.024915764207396	25.976881641668264	24.048614476160427	0.0
131.0	23.995509302561445	26.046749456270636	25.91659247906783	24.041148762100093	0.0
132.0	24.0765052569896	25.94842741072133	25.841935338464484	24.133131993824584	0.0
133.0	23.92535976290019	26.065906760274515	25.96575350184248	24.042979974982813	0.0
134.0	24.017624719683567	26.109715006930433	25.896167412298986	23.97649286108701	0.0
135.0	24.00438364191618	26.120702284226777	25.904055713947642	23.970858359909396	0.0
136.0	24.015652644271402	25.98448821825804	25.92588940601089	24.073969731459673	0.0
137.0	24.00804606768163	26.051961369859928	25.89123722376858	24.048755338689865	0.0
138.0	24.042557387394496	26.055060345507613	25.885884447649847	24.016497819448045	0.0
139.0	23.971280947497718	25.890251186062496	25.98702374378796	24.15144412265182	0.0
140.0	23.898595882306537	26.075767137335333	25.947159647956365	24.078477332401764	0.0
141.0	23.995368440032003	26.03914287968086	25.89771690012283	24.0677717801643	0.0
142.0	23.93000822637172	26.056328108272574	25.967443852195764	24.04621981315994	0.0
143.0	24.037627198864083	26.024634039148513	25.77967410045189	24.158064661535512	0.0
144.0	23.923105962429144	26.020126438206425	25.922226980245437	24.134540619118987	0.0
145.0	23.90916057201456	26.020267300735867	25.949976898545174	24.120595228704403	0.0
146.0	23.98367685008846	25.987164606317403	25.89799862518171	24.131159918412422	0.0
147.0	24.012694531153155	25.992799107495014	25.866868006175416	24.127638355176416	0.0
148.0	23.94663000484567	26.025901801913477	25.903351401300444	24.12411679194041	0.0
149.0	23.91324558536833	26.003786384791354	25.944905847485323	24.138062182354997	0.0
