# Position (bp)	A	C	G	T	N
0.0	24.091701281584207	25.877985756424447	26.03820136527893	23.992111596712416	0.0
1.0	24.172020081106517	25.811733296573298	25.986859225479204	24.02938739684098	0.0
2.0	24.1341816273911	25.86504472392698	26.09024682206221	23.910526826619705	0.0
3.0	24.04978358936416	25.901195216881856	25.987281215669338	24.061739978084642	0.0
4.0	24.044016390098985	25.94522286005258	25.93157851057156	24.07918223927688	0.0
5.0	24.016868354533653	25.938330353613715	26.023431708624212	24.02136958322842	0.0
6.0	24.102110372940864	25.845211184990653	26.057612914025125	23.99506552804336	0.0
7.0	24.12785177453908	25.912729615412207	25.947895464590097	24.011523145458614	0.0
8.0	24.112238137504097	25.93368846152223	26.02315038183079	23.930923019142885	0.0
9.0	23.98620373405053	25.834520766840573	26.149888102267916	24.02938739684098	0.0
10.0	24.079885556260436	25.83620872760111	26.064927410654125	24.018978305484325	0.0
11.0	23.979592554405084	25.943816226085463	26.090809475649056	23.985781743860393	0.0
12.0	24.074540347185398	25.75982850318673	26.099249279451755	24.066381870176123	0.0
13.0	24.223784211096373	25.86476339713356	25.980388709230475	23.931063682539595	0.0
14.0	24.05358150107537	25.884174945879757	26.035247433947983	24.026996119096886	0.0
15.0	24.067647840746528	25.956335268392795	26.03215283922033	23.943864051640347	0.0
16.0	24.1475446500787	25.90935369389113	25.936783056249883	24.006318599780283	0.0
17.0	24.03276331836206	25.918215487883963	25.989672493413433	24.059348700340546	0.0
18.0	24.14768531347541	25.886706887020566	26.00795873498594	23.95764906451808	0.0
19.0	24.150357918012933	25.872359220555985	26.003457506291173	23.973825355139912	0.0
20.0	23.991970933315702	25.9028831776424	26.063661440083724	24.041484448958176	0.0
21.0	24.124757179811425	25.901757870468707	25.993189078331223	23.980295871388645	0.0
22.0	24.027840099477153	25.986859225479204	26.021321757673537	23.963978917370103	0.0
23.0	24.069757791697203	26.059863528372514	25.949583425350635	23.920795254579648	0.0
24.0	24.09563985669213	25.951974703094738	25.96674435974945	23.985641080463683	0.0
25.0	24.12841442812593	25.869686616018466	26.074211194837087	23.927687761018515	0.0
26.0	24.16343961390711	25.921028755818188	25.996002346265456	23.919529284009243	0.0
27.0	24.139948826656276	25.890082808541642	25.99107912738055	23.978889237421527	0.0
28.0	24.07060177207747	25.880377034168546	26.087292890731266	23.961728303022717	0.0
29.0	24.08579341892232	25.934391778505788	26.003035516101036	23.976779286470855	0.0
30.0	24.10436098728825	25.90006990970817	26.055080972884316	23.94048813011927	0.0
31.0	23.960743659245733	25.890223471938356	26.169580977807538	23.979451891008374	0.0
32.0	24.13235300323385	25.898100622154203	26.00795873498594	23.961587639626003	0.0
33.0	24.041062458768042	25.979826055643628	26.010209349333323	23.968902136255004	0.0
34.0	24.044719707082542	25.942128265324925	26.034544116964426	23.978607910628106	0.0
35.0	24.068351157730085	25.941846938531505	26.0427025939737	23.947099309764713	0.0
36.0	24.002942678259206	26.086730237144423	26.004723476861574	23.9056036077348	0.0
37.0	24.133618973804253	25.93242249095183	25.988687849636456	23.94527068560746	0.0
38.0	24.071727079251165	25.91835615128067	26.06436475706728	23.945552012400885	0.0
39.0	24.02122891983171	25.99136045417397	25.970823598254082	24.016587027740226	0.0
40.0	24.098734451419787	25.889238828161375	26.01569522180508	23.996331498613763	0.0
41.0	24.084386784955207	25.87812641982116	26.12161475952889	23.915872035694743	0.0
42.0	24.02910607004756	25.989391166620013	26.027370283732136	23.95413247960029	0.0
43.0	24.035435922899577	25.91216696182536	26.03651340451839	24.015883710756672	0.0
44.0	24.065115899605722	25.881080351152104	25.947895464590097	24.105908284652074	0.0
45.0	23.856793409075884	25.962102467657967	26.13919768411784	24.04190643914831	0.0
46.0	24.097468480849383	25.901898533865413	26.009224705556345	23.99140827972886	0.0
47.0	24.018837642087615	25.946348167226276	26.070272619729167	23.964541570956946	0.0
48.0	23.994924864646645	25.88079902435868	26.135399772406625	23.98887633858805	0.0
49.0	24.062865285258336	25.868139318654638	26.081666354862804	23.98732904122422	0.0
50.0	24.031497347791657	25.97729411450282	25.961539814071124	24.029668723634405	0.0
51.0	24.027980762873867	26.048610456635586	25.92665529168665	23.996753488803897	0.0
52.0	23.987047714430798	26.0573315872317	25.962805784641525	23.992814913695973	0.0
53.0	23.99520619144007	25.965337725782334	25.981092026214032	24.058364056563565	0.0
54.0	24.10787757220604	25.84858710651173	25.997830970422708	24.045704350859523	0.0
55.0	23.991126952935435	26.008240061779365	26.000503574960227	24.000129410324973	0.0
56.0	23.95244451883975	25.948458118176948	26.084198296003613	24.014899066979687	0.0
57.0	24.024604841352787	25.97026094466724	26.001347555340498	24.003786658639477	0.0
58.0	23.97452867212347	25.921450746008322	26.133571148249374	23.970449433618835	0.0
59.0	24.03009071382454	26.024275689004483	25.99262642474438	23.9530071724266	0.0
60.0	24.08283948759138	25.96393109181522	25.965619052575757	23.987610368017645	0.0
61.0	23.974247345330046	26.011334656507017	25.99811229721613	24.016305700946806	0.0
62.0	24.1402301534497	25.901898533865413	25.97560615374228	23.982265158942607	0.0
63.0	23.954695133187137	25.9722302322212	26.01217863688729	24.060895997704375	0.0
64.0	24.0260114753199	25.996986990042437	26.044109227940815	23.932892306696843	0.0
65.0	23.927969087811938	25.950146078937486	26.032715492807178	24.0891693404434	0.0
66.0	24.00702191676384	25.989531830016727	26.022025074657094	23.981421178562336	0.0
67.0	23.99534685483678	26.023431708624212	25.971667578634356	24.00955385790465	0.0
68.0	24.09113862799736	25.970823598254082	26.01316328066427	23.924874493084282	0.0
69.0	23.99014230915845	25.977575441296242	26.074211194837087	23.958071054708217	0.0
70.0	24.008428550730958	25.977716104692956	26.01288195387085	24.000973390705244	0.0
71.0	24.008287887334244	26.03341880979074	26.013585270854406	23.944708032020614	0.0
72.0	24.08213617060782	26.02469767919462	25.931719173968272	23.961446976229293	0.0
73.0	24.019540959071172	25.959429863120448	26.018367826342597	24.002661351465783	0.0
74.0	24.048376955397043	25.999237604389826	25.93101585698471	24.02136958322842	0.0
75.0	23.932892306696843	25.985171264718666	25.986437235289074	24.09549919329542	0.0
76.0	24.004630639019744	26.03384079998087	25.987703205859475	23.973825355139912	0.0
77.0	24.007443906953977	26.093200753393152	25.950286742334193	23.949068597318675	0.0
78.0	24.052174867108256	25.989953820206857	25.93973698758083	24.018134325104057	0.0
79.0	23.983109139322874	26.004301486671437	25.950568069127623	24.062021304878066	0.0
80.0	24.06216196827478	25.945644850242715	26.06436475706728	23.927828424415225	0.0
81.0	23.965385551337217	26.048329129842163	25.962383794451394	24.02390152436923	0.0
82.0	24.009131867714515	25.993751731918074	25.967588340129723	24.02952806023769	0.0
83.0	23.923467859117167	26.023572372020926	26.010068685936616	24.04289108292529	0.0
84.0	24.042047102545023	25.96674435974945	26.021603084466964	23.969605453238565	0.0
85.0	23.912214787380243	26.088277534508247	25.97476217336201	24.0247455047495	0.0
86.0	23.99689415220061	26.009224705556345	25.946066840432852	24.047814301810195	0.0
87.0	23.891255941270217	26.044812544924373	26.019774460309712	24.044157053495695	0.0
88.0	23.978748574024817	26.01063133952346	25.923279370165574	24.08734071628615	0.0
89.0	23.901524369230163	26.053111685330354	25.92792126225706	24.117442683182425	0.0
90.0	24.016868354533653	25.9612584872777	25.93340713472881	24.088466023459844	0.0
91.0	23.97818592043797	25.960977160484276	25.91765283429711	24.143184084780643	0.0
92.0	23.95413247960029	25.979966719040338	25.9965649998523	24.069335801507066	0.0
93.0	24.00688125336713	25.969698291080395	25.93017187660444	24.093248578948035	0.0
94.0	24.086918726096012	25.9078063965273	26.04453121813095	23.960743659245733	0.0
95.0	23.95863370829506	26.0439685645441	25.988125196049612	24.009272531111225	0.0
96.0	24.025448821733058	26.052127041553376	25.892052096095608	24.030372040617962	0.0
97.0	23.97284071136293	26.04453121813095	25.888394847781104	24.094233222725016	0.0
98.0	23.882956800864235	25.96744767673301	25.920606765628058	24.2289887567747	0.0
99.0	24.00055140051511	26.12850726596776	25.917934161090532	23.9530071724266	0.0
100.0	24.077353615119627	25.944097552878887	25.963649765021795	24.014899066979687	0.0
101.0	24.038952507817367	25.969698291080395	26.003457506291173	23.98789169481107	0.0
102.0	24.11181614731396	25.98306131376799	25.902039197262127	24.003083341655916	0.0
103.0	24.01222646244217	25.96955762768368	25.9855932549088	24.032622654965348	0.0
104.0	24.040640468577905	26.03918600905591	25.933266471332097	23.986907051034088	0.0
105.0	24.057379412786585	26.017383182565617	25.824674329070763	24.100563075577035	0.0
106.0	24.01053850168163	25.977153451106105	26.04917311022243	23.96313493698983	0.0
107.0	24.013773759805996	26.021603084466964	26.02244706484723	23.94217609087981	0.0
108.0	24.030653367411386	25.957319912169773	25.971104925047513	24.040921795371332	0.0
109.0	23.95849304489835	26.01260062707742	25.970823598254082	24.058082729770142	0.0
110.0	24.032622654965348	25.96744767673301	25.99178244436411	24.008147223937534	0.0
111.0	23.992814913695973	25.964353082005353	26.058878884595533	23.983953119703145	0.0
112.0	23.935564911234366	26.05254903174351	25.945363523449295	24.066522533572837	0.0
113.0	23.907994885478896	26.037638711692086	25.982498660181147	24.071867742647875	0.0
114.0	24.020947593038287	26.05620628005801	25.904711801799646	24.018134325104057	0.0
115.0	23.999285429944706	25.99586168286875	25.960836497087563	24.044016390098985	0.0
116.0	23.943723388243633	25.99009448360357	25.985452591512086	24.080729536640703	0.0
117.0	23.997456805787454	25.956335268392795	25.993892395314784	24.052315530504966	0.0
118.0	23.88042485972343	26.093763406979996	25.91287027880892	24.112941454487654	0.0
119.0	23.95764906451808	26.061973479323186	25.79949558105939	24.180881875099345	0.0
120.0	23.966792185304335	26.034122126774296	25.915542883346436	24.083542804574936	0.0
121.0	24.057942066373432	26.024275689004483	25.96421241860864	23.953569826013442	0.0
122.0	23.95258518223646	25.98826585944632	25.94198760192821	24.117161356389	0.0
123.0	24.076228307945936	25.861387475612485	26.017805172755747	24.044579043685832	0.0
124.0	24.0247455047495	25.975887480535704	26.005567457241845	23.993799557472954	0.0
125.0	24.037827200643676	25.988125196049612	25.899225929327898	24.074821673978818	0.0
126.0	24.033185308552195	26.03820136527893	25.860402831835504	24.068210494333375	0.0
127.0	24.0721490694413	26.01569522180508	25.94198760192821	23.970168106825408	0.0
128.0	24.009694521301363	26.049313773619144	25.94620750382956	23.994784201249935	0.0
129.0	23.986063070653817	25.958023229153333	25.868701972241485	24.187211727951365	0.0
130.0	24.019681622467886	25.956616595186215	25.922998043372154	24.100703738973746	0.0
131.0	23.937534198788327	26.11022102439525	25.945785513639425	24.006459263176996	0.0
132.0	23.96946478984185	26.022728391640655	25.903445831229245	24.10436098728825	0.0
133.0	23.978889237421527	26.131883187488835	25.795978996141606	24.093248578948035	0.0
134.0	24.032481991568634	26.05170505136324	25.85463563257033	24.061177324497795	0.0
135.0	23.94217609087981	26.073789204646957	25.942831582308486	24.041203122164752	0.0
136.0	23.94878727052525	26.018086499549177	25.927358608670207	24.105767621255364	0.0
137.0	23.95736773772466	26.067740678588358	25.92806192565377	24.046829658033218	0.0
138.0	24.04429771689241	26.03566942413812	25.868701972241485	24.051330886727985	0.0
139.0	24.012789116029015	26.111768321759083	25.839584649122187	24.035857913089714	0.0
140.0	24.015602383963248	26.042139940386853	25.90217986065884	24.04007781499106	0.0
141.0	24.004489975623034	25.94170627513479	25.947473474399963	24.10633027484221	0.0
142.0	23.949068597318675	26.086448910350995	25.891067452318623	24.073415040011703	0.0
143.0	23.93795618897846	25.944378879672307	26.009084042159635	24.108580889189597	0.0
144.0	24.09099796460065	25.951834039698024	25.889801481748222	24.067366513953107	0.0
145.0	23.8958978333617	26.131601860695415	25.93115652038142	24.041343785561466	0.0
146.0	23.979873881198507	26.053674338917197	25.932281827555116	24.034169952329172	0.0
147.0	24.00885054092109	25.917090180710268	25.94240959211835	24.131649686250295	0.0
148.0	23.92895373158892	26.02315038183079	25.887550867400837	24.160345019179456	0.0
149.0	23.977623266851122	26.058175567611976	25.90260185084897	24.061599314687932	0.0
