# Position (bp)	A	C	G	T	N
0.0	24.133684467120663	25.826228228507496	26.118604877265216	23.92148242710663	0.0
1.0	24.09338580613526	25.760566773894922	26.124381958035848	24.02166546193397	0.0
2.0	24.112971518991802	25.829609934324456	26.035753084749775	24.02166546193397	0.0
3.0	24.118889504171477	25.769443751664433	26.039839312611928	24.071827431552162	0.0
4.0	24.18441005437501	25.80311990542496	26.024762540844666	23.987707499355363	0.0
5.0	24.06464130669113	25.93458371905915	25.9506468216897	24.05012815256002	0.0
6.0	24.139884261118414	25.9054165063879	26.00954486466836	23.945154367825324	0.0
7.0	24.05167810105946	25.857931720541465	26.0277215334345	24.062668644964567	0.0
8.0	24.078731747595114	25.810165125876956	26.05125256974416	24.059850556783772	0.0
9.0	24.129880048076586	25.84665936781828	25.95783294655073	24.065627637554407	0.0
10.0	24.161442635701512	25.774657214798907	26.060411356331752	24.003488793167826	0.0
11.0	24.119171312989554	25.851168308907553	25.98150488726943	24.048155490833466	0.0
12.0	24.129457334849462	25.870894926173133	26.04181197433849	23.95783576463891	0.0
13.0	24.190187135145646	25.833132544550452	25.976009615316876	24.00067070498703	0.0
14.0	24.116916842444915	25.82510099323518	26.02053540857347	24.037446755746434	0.0
15.0	24.13467079798394	25.881040043624004	25.97784137263439	24.006447785757665	0.0
16.0	24.18807356901005	25.985872923949664	25.999963364853652	23.82609014218664	0.0
17.0	24.047873682015382	25.830314456369653	26.144249479710467	23.97756238190449	0.0
18.0	24.076618181459516	25.879208286306486	26.10141453936235	23.942758992871646	0.0
19.0	24.13748888616474	25.943742505646743	25.921338704609404	23.99742990357911	0.0
20.0	24.178492069195336	25.889494308166395	25.88822616848504	24.04378745415323	0.0
21.0	24.14862033447889	25.888085264076	25.87779924221609	24.08549515922903	0.0
22.0	24.17313770165182	25.85609996322395	26.074219988417656	23.89654234670657	0.0
23.0	24.17806935596822	25.932470152923553	25.89625771980031	23.993202771307917	0.0
24.0	24.139884261118414	25.868358646810417	25.929088447106597	24.062668644964567	0.0
25.0	24.08394521072959	25.807628846514234	26.08831042932164	24.020115513434533	0.0
26.0	24.194696076234923	25.85229554417987	25.974318762408394	23.97868961717681	0.0
27.0	24.108885291129646	25.84440489727364	25.987986490085262	24.05872332151145	0.0
28.0	24.088031438591745	25.869063168855615	25.99728618108189	24.045619211470743	0.0
29.0	24.13199361421218	25.88639441116752	25.97953222554287	24.002079749077428	0.0
30.0	24.096767511952216	25.91852061642861	25.965864497866004	24.01884737375317	0.0
31.0	24.20512300250387	25.87441753639913	25.931765630878356	23.98869383021864	0.0
32.0	24.103812732404208	25.919084234064766	26.01222204844012	23.964880985090904	0.0
33.0	24.151015709432563	25.866385985083863	26.04984352565376	23.932754779829814	0.0
34.0	24.08239526223015	25.91401167533933	25.95529666718801	24.048296395242502	0.0
35.0	24.077745416731837	25.940219895420746	25.993059048810697	23.98897563903672	0.0
36.0	24.072391049188322	25.954028527506658	25.944587932100983	24.028992491204043	0.0
37.0	23.89752867756985	25.915138910611653	26.073797275190536	24.113535136627963	0.0
38.0	23.962485610137225	25.96685082872928	26.008699438214123	24.06196412291937	0.0
39.0	24.053368953967937	26.001513313353087	25.937965424876108	24.007152307802865	0.0
40.0	24.00010708735087	26.023776209981385	25.9630464096852	24.013070292982537	0.0
41.0	24.11423965867316	25.915702528247813	25.968400777228723	24.00165703585031	0.0
42.0	23.972489823179057	26.095073840955557	25.964878167002723	23.967558168862663	0.0
43.0	24.020115513434533	26.043643731656008	25.908657307795817	24.027583447113642	0.0
44.0	23.970094448225378	26.075065414871894	25.931624726469316	24.02321541043341	0.0
45.0	24.160597209247275	25.939938086602666	25.942333461556345	23.957131242593714	0.0
46.0	24.088172343000785	25.86455422776634	25.968400777228723	24.078872652004154	0.0
47.0	23.98798930817344	25.98869101213046	25.85638177204203	24.166937907654066	0.0
48.0	24.097331129588376	25.957551137732647	25.878926477488406	24.066191255190567	0.0
49.0	24.01208396211926	25.981645791678464	25.98615473276774	24.020115513434533	0.0
50.0	23.992920962489837	26.02659429816218	25.92880663828852	24.05167810105946	0.0
51.0	24.06168231410129	25.934724623468192	26.0499844300628	23.953608632367715	0.0
52.0	24.00052980057799	25.97967312995191	25.963328218503285	24.056468850966816	0.0
53.0	24.04181479242667	25.947406020281782	25.997849798718054	24.012929388573497	0.0
54.0	24.04068755715435	25.99249543117454	25.997427085490934	23.969389926180177	0.0
55.0	24.19314612773548	25.910911778340456	25.91837971201957	23.97756238190449	0.0
56.0	24.07168652714312	25.95445124073377	25.995877136991492	23.97798509513161	0.0
57.0	24.003629697576866	25.923170461926926	26.005176827988123	24.068023012508085	0.0
58.0	24.109730717583883	25.984886593086387	25.941628939511148	23.963753749818586	0.0
59.0	24.037305851337397	26.042234687565607	25.940642608647867	23.97981685244913	0.0
60.0	23.997711712397194	25.982068504905588	25.993059048810697	24.027160733886525	0.0
61.0	24.157638216657435	25.923452270745006	25.894848675709913	24.02406083688765	0.0
62.0	24.14552043748001	25.921056895791327	25.95797385095977	23.975448815768893	0.0
63.0	24.015747476754296	25.979391321133832	26.05843869460519	23.946422507506682	0.0
64.0	24.036601329292196	25.990804578266058	26.027157915798345	23.945436176643405	0.0
65.0	23.9489587868694	26.019971790937312	25.946983307054662	24.08408611513863	0.0
66.0	24.119594026216674	25.965582689047924	25.900343947662467	24.014479337072935	0.0
67.0	24.105362680903646	25.982913931359825	25.947406020281782	23.964317367454747	0.0
68.0	24.025047167750927	25.97741865940727	25.980518556406146	24.017015616435657	0.0
69.0	24.028710682385963	25.982773026950785	25.924438601608284	24.06407768905497	0.0
70.0	24.079154460822235	25.993622666446857	25.89301691839239	24.034205954338518	0.0
71.0	24.099585600133015	25.961496461185767	25.995736232582455	23.943181706098766	0.0
72.0	23.985875742037845	26.008276724987	25.98361845340503	24.022229079570128	0.0
73.0	24.046182829106904	26.02659429816218	25.898512190344945	24.028710682385963	0.0
74.0	24.01983370461645	25.997567989899974	25.960791939140567	24.02180636634301	0.0
75.0	24.080422600503592	25.881603661260165	25.98967734299374	24.048296395242502	0.0
76.0	24.034065049929477	25.913025344476054	26.010531195531637	24.042378410062827	0.0
77.0	24.007997734257103	25.947265115872742	26.028003342252582	24.016733807617573	0.0
78.0	24.068868438962323	25.957692042141687	25.94557426296426	24.027865255931722	0.0
79.0	23.984466697947447	25.91767518997437	25.959523799459213	24.138334312618976	0.0
80.0	24.07309557123352	25.98840920331238	25.969809821319117	23.96868540413498	0.0
81.0	23.994893624216395	25.955719380415132	25.994327188492054	24.055059806876418	0.0
82.0	24.038855799836835	25.948955968781217	25.906684646069262	24.105503585312686	0.0
83.0	23.983198558266086	25.991650004720295	25.95445124073377	24.070700196279844	0.0
84.0	24.005320550485347	25.97629142413495	26.06379306214871	23.954594963230992	0.0
85.0	23.999261660896632	26.034484945068414	25.87737652898897	24.088876865045982	0.0
86.0	24.03223329261196	25.95698752009649	25.951351343734895	24.05942784355665	0.0
87.0	24.12325754085171	26.054211562333997	25.851027404498517	23.97150349231578	0.0
88.0	24.117621364490116	25.904711984342704	25.926693072152922	24.05097357901426	0.0
89.0	24.043928358562265	25.95431033632473	25.966146306684085	24.035614998428915	0.0
90.0	24.01137944007406	25.953324005461454	25.99010005622086	24.045196498243627	0.0
91.0	24.036883138110273	25.961919174412884	25.951069534916815	24.05012815256002	0.0
92.0	24.038292182200674	25.97276881390896	25.924015888381163	24.064923115509206	0.0
93.0	24.03265600583908	25.996158945809572	25.942333461556345	24.028851586795003	0.0
94.0	23.978548712767772	25.957269328914574	25.911475395976613	24.15270656234104	0.0
95.0	24.065768541963447	25.96670992432024	25.945292454146184	24.022229079570128	0.0
96.0	24.057455181830097	25.95853746859593	25.938529042512272	24.045478307061707	0.0
97.0	23.990666491945202	26.039980217020968	25.903162035843263	24.066191255190567	0.0
98.0	24.080422600503592	25.89639862420935	25.940501704238827	24.08267707104823	0.0
99.0	23.89879681725121	25.938951755739385	26.031244143660498	24.131007283348904	0.0
100.0	24.00827954307518	25.960791939140567	25.954873953960895	24.076054563823355	0.0
101.0	23.94853607364228	25.957410233323614	25.90908002102294	24.18497367201117	0.0
102.0	24.08338159309343	25.935429145513396	25.926552167743882	24.054637093649298	0.0
103.0	23.965585507136105	25.993622666446857	25.942897079192505	24.097894747224537	0.0
104.0	23.99010287430904	25.987000159221985	25.901189374116708	24.121707592352273	0.0
105.0	23.99799352121527	25.962060078821924	25.9485332555541	24.0914131444087	0.0
106.0	23.987002977310162	26.05590241524248	25.850041073635232	24.107053533812124	0.0
107.0	23.976153337814093	25.99869522517229	25.913448057703174	24.11170337931044	0.0
108.0	23.932613875420774	25.977136850589194	25.932751961741634	24.157497312248395	0.0
109.0	23.994330006580235	26.01208114403108	25.870331308536976	24.12325754085171	0.0
110.0	23.926273177013982	26.08211063532389	25.87427663199009	24.11733955567204	0.0
111.0	24.014902050300055	26.002640548625404	25.852013735361794	24.130443665712743	0.0
112.0	24.05125538783234	25.980659460815186	25.869204073264658	24.098881078087814	0.0
113.0	23.961781088092028	26.021380835027706	25.890057925802555	24.126780151077707	0.0
114.0	24.035474094019875	26.015321945438995	25.900062138844387	24.049141821696743	0.0
115.0	23.97981685244913	25.9506468216897	25.97629142413495	24.093244901726223	0.0
116.0	23.9691081173621	26.00982667348644	25.885126271486158	24.135938937665298	0.0
117.0	24.007152307802865	25.98840920331238	25.91767518997437	24.086763298910384	0.0
118.0	24.007293212211902	26.003767783897725	25.889353403757358	24.099585600133015	0.0
119.0	24.075209137369118	25.984604784268306	25.86962678649178	24.0705592918708	0.0
120.0	23.972630727588097	26.023071687936188	25.912320822430857	24.09197676204486	0.0
121.0	23.946563411915722	26.02194445266387	25.882449087714406	24.149043047706005	0.0
122.0	23.94839516923324	26.099723686453874	25.825946419689416	24.12593472462347	0.0
123.0	24.004193315213026	26.071824613463978	25.845391228136922	24.078590843186074	0.0
124.0	24.068304821326166	26.035048562704578	25.841586809092842	24.055059806876418	0.0
125.0	23.952763205913477	26.05604331965152	25.879771903942643	24.11142157049236	0.0
126.0	23.9705171614525	26.06083406955887	25.84017776500244	24.128471003986185	0.0
127.0	24.00292517553167	25.98967734299374	25.89696224184551	24.110435239629084	0.0
128.0	23.994752719807355	25.973614240363197	25.908375498977737	24.12325754085171	0.0
129.0	23.935009250374453	25.944869740919064	26.00813582057796	24.11198518812852	0.0
130.0	24.05026905696906	26.042093783156567	25.81199688319447	24.095640276679898	0.0
131.0	24.001234322623187	25.950224108462578	25.92246593988172	24.12607562903251	0.0
132.0	24.042378410062827	25.9492377775993	25.919225138473806	24.089158673864063	0.0
133.0	23.919509765380067	25.95881927741401	25.909784543068138	24.211886414137783	0.0
134.0	23.967980882089783	26.038289364112494	25.81664672869279	24.17708302510494	0.0
135.0	24.098317460451653	25.93092020442412	25.816364919874708	24.15439741524952	0.0
136.0	24.071263813916	25.980659460815186	25.894566866891832	24.05350985837698	0.0
137.0	23.951776875050196	25.975305093271672	25.91880242524669	24.154115606431443	0.0
138.0	24.003770601985906	25.894848675709913	25.919506947291886	24.181873775012296	0.0
139.0	24.046182829106904	25.987704681267182	25.828059985825014	24.138052503800896	0.0
140.0	24.00081160939607	26.02391711439043	25.830032647551576	24.14523862866193	0.0
141.0	24.070136578643684	25.995877136991492	25.88709893321272	24.046887351152105	0.0
142.0	23.969389926180177	26.057029650514796	25.952619483416257	24.02096093988877	0.0
143.0	24.02349721925149	26.00813582057796	25.899780330026307	24.068586630144242	0.0
144.0	24.015606572345256	25.98150488726943	25.92683397656196	24.076054563823355	0.0
145.0	24.08493154159287	26.00066788689885	25.818478486010303	24.09592208549798	0.0
146.0	24.022369983979168	25.985591115131584	25.9485332555541	24.04350564533515	0.0
147.0	24.02124274870685	26.06125678278599	25.737458450812383	24.180042017694774	0.0
148.0	24.107335342630208	25.97741865940727	25.849759264817155	24.065486733145367	0.0
149.0	24.097753842815493	25.944024314464826	25.920211469337083	24.038010373382594	0.0
