# Position (bp)	A	C	G	T	N
0.0	24.1436950311537	25.804850754661807	26.011370537823066	24.04008367636143	0.0
1.0	24.09589603437029	25.84196526981128	26.074212160064782	23.98792653575365	0.0
2.0	24.159721753604607	25.91436669140968	26.03765998605394	23.888251568931775	0.0
3.0	24.189525833951908	25.86783296218818	25.973693681534964	23.968947522324942	0.0
4.0	24.10658051600423	25.875143396990353	26.098673999595114	23.919602087410308	0.0
5.0	24.16871921182266	25.829593764761455	26.005044200013494	23.99664282340239	0.0
6.0	24.135119328789617	25.91999010279596	26.01165170839238	23.933238860022044	0.0
7.0	24.140602154891244	25.987752210000675	25.923223564343072	23.94842207076501	0.0
8.0	24.090975549407293	25.82101806239737	26.041174618170366	24.04683177002497	0.0
9.0	24.10222237217986	25.888358413748115	26.100361023010997	23.909058191061025	0.0
10.0	24.12288840902445	25.934751557684955	25.8910295341566	24.051330499133993	0.0
11.0	24.051752254987964	25.94951301257395	25.996749668218726	24.001985064219358	0.0
12.0	24.120076703331307	25.875002811705695	25.995765571226126	24.009154913736868	0.0
13.0	24.12288840902445	25.8274849854916	26.034988865645452	24.014637739838495	0.0
14.0	24.120217288615965	25.931096340283872	25.988314551139304	23.96037181996086	0.0
15.0	24.060890298490676	25.878798614391435	25.97270958454237	24.087601502575524	0.0
16.0	24.04528533189374	25.94262433362575	25.94178082191781	24.0703095125627	0.0
17.0	24.071574780124617	25.84140292867265	26.086724250399264	24.00029804080347	0.0
18.0	24.105737004296287	25.92912814629867	25.942343163056435	24.022791686348608	0.0
19.0	24.099551251771377	25.896512360258228	25.924207661335675	24.079728726634723	0.0
20.0	24.01969881008615	25.972006658119078	26.00645005286007	24.0018444789347	0.0
21.0	24.088726184852778	25.95907281193063	25.88723373147086	24.064967271745733	0.0
22.0	24.18221539914974	25.80850597206289	26.015447511078122	23.993831117709245	0.0
23.0	24.07804170321884	25.94993476842792	26.08152259486695	23.89050093348629	0.0
24.0	24.164079897428977	25.916194300110217	25.958791641361316	23.96093416109949	0.0
25.0	24.132729378950447	25.800773781406754	26.090660638369663	23.97583620127314	0.0
26.0	24.116843241784196	25.933486290123042	25.97552129023551	23.974149177857253	0.0
27.0	24.039943091076772	25.91872483523405	25.953449400544347	24.087882673144836	0.0
28.0	24.13160469667319	25.977208313651396	25.92912814629867	23.962058843376745	0.0
29.0	24.07944755606541	25.87275344715118	26.0289436984052	24.01885529837821	0.0
30.0	23.999313943810876	26.046235688418022	26.000826641473786	23.95362372629732	0.0
31.0	24.12485660300965	25.962025102908427	25.945436039318892	23.96768225476303	0.0
32.0	24.129355332118678	25.871909935443238	26.093050588208833	23.905684144229255	0.0
33.0	24.143554445869043	25.885687293339632	25.988173965854642	23.98258429493668	0.0
34.0	24.065810783453674	25.949653597858607	26.04820388240322	23.9363317362845	0.0
35.0	24.0355849472524	25.99998312976584	25.97833299592865	23.986098927053106	0.0
36.0	24.119654947477336	25.863474818363812	25.934892142969613	24.08197809118924	0.0
37.0	24.096598960793575	25.900448748228627	26.014182243516203	23.988770047461593	0.0
38.0	24.1060181748656	25.874018714713092	26.073509233641495	23.94645387677981	0.0
39.0	24.101378860471918	25.99998312976584	25.95091886542052	23.947719144341722	0.0
40.0	23.99130058258542	25.925472928897587	26.018118631486605	24.065107857030387	0.0
41.0	24.068763074431473	25.96118159120049	26.00827766156061	23.961777672807433	0.0
42.0	24.092803158107834	25.984799919022876	26.007996490991296	23.914400431877993	0.0
43.0	24.13160469667319	25.92631644060553	26.080257327305034	23.861821535416244	0.0
44.0	24.087179746721553	25.778983062284905	26.039206424185167	24.094630766808375	0.0
45.0	24.06201498076793	25.838731808264164	26.07674269518861	24.02251051577929	0.0
46.0	24.099551251771377	25.966102076163484	26.040049935893112	23.894296736172034	0.0
47.0	24.04528533189374	25.9693355377106	26.0338641833682	23.951514947027462	0.0
48.0	24.050768157995368	26.038362912477226	25.980441775198504	23.9304271543289	0.0
49.0	24.06848190386216	25.95077828013586	26.018259216771263	23.962480599230716	0.0
50.0	24.09491193737769	25.986627527723417	25.953871156398318	23.964589378500573	0.0
51.0	24.017590030816294	25.85757023640822	26.004060103020898	24.120779629754594	0.0
52.0	24.042473626200596	25.94417077175698	25.98184762804508	24.031507973997346	0.0
53.0	24.013091301707266	25.98564343073082	26.044689250286794	23.95657601727512	0.0
54.0	23.978647906966284	25.95893222664597	25.99393796252559	24.06848190386216	0.0
55.0	24.08043165305801	25.948810086150665	25.944873698180267	24.025884562611065	0.0
56.0	23.997908090964305	26.02908428368986	25.95176237712846	24.02124524821738	0.0
57.0	24.13160469667319	25.92617585532087	25.905790989045595	24.036428458960344	0.0
58.0	24.10756461299683	25.90297928335245	26.043423982724878	23.94603212092584	0.0
59.0	24.070590683132014	25.8186281125582	26.012495220100323	24.09828598420946	0.0
60.0	24.09941066648672	25.93053399914524	26.033020671660257	23.937034662707784	0.0
61.0	24.076214094518296	25.945154868749576	26.001810738466386	23.97682029826574	0.0
62.0	24.01871471309355	25.98128528690645	25.968070270148687	24.031929729851317	0.0
63.0	24.061874395483276	25.942202577771777	25.962165688193085	24.033757338551858	0.0
64.0	24.037693726522257	26.02374204287289	25.908462109454078	24.030102121150776	0.0
65.0	24.017168274962323	26.01586926693209	26.021492678318374	23.94546977978721	0.0
66.0	24.05540747238905	25.98212879861439	25.947263648019437	24.015200080977124	0.0
67.0	24.00564028162044	25.981566457475765	25.89018602244866	24.12260723845514	0.0
68.0	24.04584767303237	25.96778909957937	25.898339968958766	24.088023258429494	0.0
69.0	24.034600850259803	25.952043547697773	25.97313134039634	24.040224261646085	0.0
70.0	24.011263693006725	25.87331578828981	25.92997165800661	24.185448860696855	0.0
71.0	24.028133927165577	25.96132217648514	26.09220707650089	23.918336819848392	0.0
72.0	24.093506084531118	25.986627527723417	25.928846975729357	23.991019412016104	0.0
73.0	24.046128843601682	25.978895337067275	25.957666959084058	24.01730886024698	0.0
74.0	24.0008603819421	25.980160604629194	25.97397485210428	24.045004161324428	0.0
75.0	24.08141575005061	25.97552129023551	25.897496457250828	24.045566502463053	0.0
76.0	23.938862271408325	26.03273950109094	25.95218413298243	24.076214094518296	0.0
77.0	23.99509638527116	26.017696875632634	25.93151809613784	24.055688642958366	0.0
78.0	23.960652990530175	25.97397485210428	26.03273950109094	24.032632656274604	0.0
79.0	23.929864813190274	26.048906808826505	26.007996490991296	24.013231886991925	0.0
80.0	23.97091571631014	25.988173965854642	26.032458330521628	24.008451987313585	0.0
81.0	23.977523224689026	25.98592460130013	25.947825989158062	24.088726184852778	0.0
82.0	24.026165733180378	26.02177384888769	25.931658681422498	24.020401736509438	0.0
83.0	24.057094495804936	25.986205771869447	25.98564343073082	23.9710563015948	0.0
84.0	24.060468542636706	26.07674269518861	25.925613514182245	23.937175247992442	0.0
85.0	24.034460264975145	26.00054547090447	25.956964032660775	24.008030231459614	0.0
86.0	24.036709629529657	26.003497761882265	25.915491373686933	24.04430123490114	0.0
87.0	23.95657601727512	25.975943046089476	26.09628404975594	23.971196886879458	0.0
88.0	23.956716602559776	25.970741390557166	25.973834266819622	24.098707740063432	0.0
89.0	24.001985064219358	25.99379737724093	25.97017904941854	24.03403850912117	0.0
90.0	24.065951368738332	26.004622444159526	25.953589985829	23.97583620127314	0.0
91.0	23.931692421890816	26.011089367253753	26.014182243516203	24.043035967339225	0.0
92.0	24.054282790111795	25.955698765098862	26.014603999370177	23.97541444541917	0.0
93.0	23.972321569156712	26.046516858987335	25.88231324650786	24.098848325348087	0.0
94.0	23.933660615876015	25.984096992599593	25.951902962413122	24.130339429111274	0.0
95.0	23.93787817441573	26.008418246845267	25.999420788627216	24.054282790111795	0.0
96.0	24.010560766583442	25.982831725037673	25.961884517623773	24.044722990755112	0.0
97.0	24.009154913736868	25.916334885394875	26.01839980205592	24.056110398812336	0.0
98.0	24.03024270643543	25.945998380457517	25.91942776165733	24.104331151449713	0.0
99.0	23.97878849225094	25.876408664552265	26.090660638369663	24.054142204827137	0.0
100.0	23.985677171199136	25.995765571226126	26.02472613986549	23.993831117709245	0.0
101.0	23.985114830060507	26.082787862428862	25.875986908698295	24.056110398812336	0.0
102.0	24.02082349236341	25.993516206671615	25.91324200913242	24.072418291832555	0.0
103.0	24.11909260633871	25.93447038711564	25.912539082709134	24.033897923836516	0.0
104.0	23.94701621791844	26.00096722675844	25.99098567154779	24.061030883775334	0.0
105.0	23.97063454574083	26.054249049643474	25.921255370357876	24.053861034257825	0.0
106.0	23.931411251321503	26.00532537058281	26.026694333850685	24.036569044245002	0.0
107.0	23.937034662707784	25.987752210000675	25.985221674876847	24.089991452414694	0.0
108.0	23.990035315023505	26.00448185887487	25.884281440493062	24.121201385608565	0.0
109.0	23.974570933711227	25.970881975841824	25.925051173043617	24.129495917403336	0.0
110.0	23.94448568279461	26.03808174190791	25.994640888948872	24.022791686348608	0.0
111.0	24.031929729851317	25.980020019344536	25.95091886542052	24.037131385383628	0.0
112.0	24.008733157882897	25.97158490226511	25.905228647906963	24.114453291945026	0.0
113.0	24.06651370987696	26.03414535393751	25.925051173043617	23.97428976314191	0.0
114.0	23.986380097622423	25.98592460130013	25.971303731695794	24.05639156938165	0.0
115.0	24.068200733292844	25.91211732685516	25.92392649076636	24.095755449085633	0.0
116.0	24.02897743887352	25.965820905594168	25.959213397215287	24.045988258317024	0.0
117.0	23.95657601727512	25.97819241064399	25.941921407202468	24.123310164878422	0.0
118.0	24.02785275659626	25.97439660795825	25.967507929010054	24.03024270643543	0.0
119.0	24.02939919472749	26.040893447601054	25.868114132757498	24.061593224913963	0.0
120.0	24.042754796769913	25.921255370357876	25.894262995703716	24.141726837168502	0.0
121.0	24.002125649504016	26.03372359808354	25.921114785073218	24.043035967339225	0.0
122.0	24.04922171986414	26.055654902490044	25.86066311267067	24.034460264975145	0.0
123.0	23.91847740513305	26.034567109791485	25.887796072609486	24.15915941246598	0.0
124.0	24.123731920732393	25.938125604516728	25.893841239849742	24.04430123490114	0.0
125.0	24.006483793328385	26.013198146523607	25.945154868749576	24.03516319139843	0.0
126.0	24.031648559282004	26.01938389904852	25.952605888836406	23.996361652833077	0.0
127.0	24.056953910520278	26.01347931709292	25.893278898711113	24.03628787367569	0.0
128.0	24.033335582697887	25.986768113008075	25.903541624491083	24.076354679802954	0.0
129.0	23.988067121038306	25.93137751085318	25.923645320197043	24.156910047911463	0.0
130.0	24.02110466293272	26.05593607305936	25.887514902040177	24.035444361967745	0.0
131.0	24.0434577231932	25.946138965742175	25.92533234361293	24.085070967451692	0.0
132.0	23.997908090964305	25.970881975841824	25.98803338056999	24.043176552623883	0.0
133.0	24.03417909440583	26.012495220100323	25.93123692556853	24.02208875992532	0.0
134.0	23.975133274849856	26.074774501203414	25.850400386890705	24.09969183705603	0.0
135.0	23.99411228827856	26.037238230199968	25.913101423847763	24.055548057673708	0.0
136.0	24.003109746496616	26.072525136648895	25.868395303326807	24.05596981352768	0.0
137.0	23.88754864250849	26.08728659153789	25.938969116224662	24.08619564972895	0.0
138.0	23.904278291382685	26.028240771981913	25.95893222664597	24.108548709989428	0.0
139.0	23.957841284837034	26.033020671660257	25.885546708054974	24.123591335447735	0.0
140.0	24.033897923836516	26.07407157478012	25.948669500866007	23.943361000517356	0.0
141.0	24.015340666261782	26.022757945880286	25.85110331331399	24.11079807454394	0.0
142.0	24.039943091076772	26.008558832129925	25.804428998807836	24.14706907798547	0.0
143.0	23.875739478597296	26.082366106574895	25.963290370470343	24.07860404435747	0.0
144.0	23.98947297388488	26.006168882290755	25.844495804935107	24.159862338889262	0.0
145.0	23.949546753042267	26.006309467575413	25.91057088872393	24.13357289065839	0.0
146.0	24.044160649616483	25.95218413298243	25.922239467350472	24.08141575005061	0.0
147.0	23.953764311581978	26.03217715995231	25.908602694738736	24.10545583372697	0.0
148.0	24.018995883662868	25.86263130665587	25.94656072159615	24.171812088085115	0.0
149.0	23.98103785680545	25.983253480891648	25.95471466810626	24.08099399419664	0.0
