# Position (bp)	A	C	G	T	N
0.0	24.094022442147914	25.868237261597777	26.065917846810876	23.971822449443437	0.0
1.0	24.108332889054754	25.96714770345387	25.995908895766632	23.928610511724745	0.0
2.0	24.207243330910845	25.98412382184335	25.876234276045718	23.932398571200086	0.0
3.0	24.200929898451946	25.797105922560842	25.996610388262063	24.00535379072515	0.0
4.0	24.06273587685159	25.82446412988274	26.086962621673877	24.0258373715918	0.0
5.0	24.093461248151566	25.854908904184544	26.084998442686658	23.966631404977228	0.0
6.0	24.094022442147914	25.899383528395013	26.09131187514556	23.915282154311512	0.0
7.0	24.10342244158672	25.956204420525108	26.01246411865886	23.92790901922931	0.0
8.0	24.133025424894004	25.840879054275877	26.0057297907027	24.02036573012742	0.0
9.0	24.063577667846108	25.90625815485026	26.035753669507244	23.99441050779639	0.0
10.0	24.10342244158672	25.954520838536073	25.945541734594524	23.996514985282687	0.0
11.0	24.092759755656136	25.836529800804193	26.055956653375723	24.014753790163955	0.0
12.0	24.157016468237824	25.859959650151666	25.98707009032417	23.99595379128634	0.0
13.0	24.064980652836976	25.976407404393587	25.96869098694382	23.989920955825614	0.0
14.0	24.085323935204542	25.921129795753444	26.048520832924126	23.945025436117884	0.0
15.0	24.09079557666892	25.940631287126493	26.036034266505414	23.932538869699172	0.0
16.0	24.09079557666892	25.885073081488173	25.959711883002274	24.06441945884063	0.0
17.0	24.112822441025525	25.862204426137048	26.041085012472536	23.983888120364888	0.0
18.0	24.029906028065312	25.97332083741368	26.002643223722792	23.994129910798215	0.0
19.0	23.983186627869454	25.89882233439867	26.04347008695701	24.07452095077487	0.0
20.0	24.075923935765736	25.85364621769276	26.128911872900783	23.941517973640718	0.0
21.0	24.125729902941497	25.86992084358681	25.9994163582438	24.00493289522789	0.0
22.0	24.045619459963017	25.92084919875527	25.973601434411854	24.059929906869858	0.0
23.0	24.06750602582054	25.937544720146583	26.01639247663329	23.978556777399596	0.0
24.0	24.077467219255688	25.912010393312812	26.0036253132164	24.0068970742151	0.0
25.0	24.09177766616253	25.855610396679978	25.947505913581736	24.105106023575757	0.0
26.0	24.037061251518733	25.933756660671243	26.083034263699446	23.94614782411058	0.0
27.0	24.093461248151566	25.86430890362335	26.066619339306307	23.975610508918777	0.0
28.0	24.07830901025021	25.91088800532012	26.046416355437827	23.964386628991843	0.0
29.0	24.093882143648827	25.938246212642017	26.01442829764607	23.953443346063082	0.0
30.0	24.17258960163644	25.866693978107826	25.999977552240143	23.96073886801559	0.0
31.0	24.00984334269592	25.993243224283987	26.000398447737403	23.996514985282687	0.0
32.0	23.988237373836576	25.87805815653384	26.037858146993543	24.095846322636042	0.0
33.0	23.970980658448916	25.970514867431948	26.030562625041036	24.0279418490781	0.0
34.0	24.074661249273955	25.957607405515976	25.959992480000448	24.00773886520962	0.0
35.0	24.00535379072515	25.963920837974875	26.043189489958834	23.98753588134114	0.0
36.0	24.089392591678056	25.975986508896327	25.87020144058499	24.06441945884063	0.0
37.0	24.05263438491735	25.965604419963917	25.953117853545205	24.028643341573535	0.0
38.0	24.01615677515482	25.934598451665764	26.051046205907692	23.99819856727173	0.0
39.0	24.075222443270302	25.931090989188597	26.01120143216708	23.98248513537402	0.0
40.0	24.026117968589972	25.929828302696816	26.037296952997195	24.006756775716013	0.0
41.0	24.12404632095246	25.942174570616444	26.00909695468078	23.924682153750318	0.0
42.0	23.96242245000463	26.03898053498624	25.9888939708123	24.009703044196833	0.0
43.0	24.022610506112805	25.896717856912367	26.086120830679356	23.994550806295475	0.0
44.0	24.008159760706878	25.934598451665764	26.039541728982584	24.017700058644774	0.0
45.0	24.034395580036087	25.944980540598177	25.975986508896327	24.04463737046941	0.0
46.0	24.035938863526038	25.9994163582438	25.943577555607312	24.021067222622854	0.0
47.0	24.052774683416438	25.90667905034752	26.008676059183518	24.031870207052524	0.0
48.0	23.939132899156245	25.972198449420986	26.095520830118158	23.993147821304607	0.0
49.0	24.083920950213674	25.896437259914194	25.970093971934688	24.049547817937444	0.0
50.0	24.07227617478948	25.912852184307333	26.00067904473558	24.014192596167604	0.0
51.0	24.020506028626507	25.944279048102743	25.977389493887195	24.057825429383556	0.0
52.0	23.960177674019242	26.002643223722792	26.046696952436005	23.99048214982196	0.0
53.0	23.971401553946176	26.010499939671643	26.062410384333706	23.95568812204847	0.0
54.0	24.141303036340116	25.909344721830163	25.921550691250705	24.02780155057901	0.0
55.0	23.975189613421517	25.99380441828033	25.949610391068035	24.081395577230115	0.0
56.0	24.066664234826014	25.992120836291292	25.947365615082653	23.99384931380004	0.0
57.0	24.00731796971236	25.987350687322348	25.91074770682103	24.09458363614426	0.0
58.0	23.985010508357583	26.066198443809046	25.91229099031099	24.036500057522385	0.0
59.0	23.982064239876763	25.987350687322348	26.041225310971623	23.989359761829267	0.0
60.0	23.981643344379503	25.96798949444839	26.00390591021457	24.046461250957538	0.0
61.0	24.00731796971236	25.99085814979951	25.924076064234264	24.07774781625386	0.0
62.0	24.03579856502695	25.979774568371667	25.978652180378976	24.005774686222406	0.0
63.0	24.03748214701599	25.991138746797688	25.956204420525108	24.015174685661215	0.0
64.0	24.019243342134725	26.055816354876637	26.00657158169722	23.91836872129142	0.0
65.0	23.966771703476315	26.011762626163424	26.11558351548755	23.905882154872707	0.0
66.0	24.040007519999552	25.974443225406375	25.86122233664344	24.12432691795063	0.0
67.0	24.02569707309271	25.97795068788354	25.988052179817778	24.00830005920597	0.0
68.0	24.064700055838802	25.955643226528764	25.952837256547028	24.026819461085406	0.0
69.0	24.010123939694093	26.056096951874807	25.941332779621924	23.992446328809176	0.0
70.0	24.063297070847938	25.939929794631055	25.975285016400896	24.021488118120114	0.0
71.0	24.06722542882236	25.936843227651153	25.996329791263896	23.999601552262597	0.0
72.0	24.09500453164152	25.932493974179465	25.90106711038405	24.071434383794962	0.0
73.0	23.964246330492756	25.984404418841528	25.98973576180682	24.061613488858896	0.0
74.0	23.9049000653791	26.00404620871366	26.077702920734154	24.013350805173086	0.0
75.0	24.01447319316578	25.951714868554337	26.005028298207268	24.028783640072618	0.0
76.0	23.98809707533749	26.10421933706153	25.930108899694993	23.97757468790599	0.0
77.0	24.075222443270302	26.051326802905862	25.829093980352596	24.044356773471236	0.0
78.0	23.97238364343978	25.970093971934688	26.01498949164242	24.04253289298311	0.0
79.0	23.920192601779547	26.027756655059303	26.02452978958031	24.02752095358084	0.0
80.0	24.023592595606413	26.008676059183518	25.922252183746135	24.04547916146393	0.0
81.0	24.05473886240365	25.973601434411854	25.93558054115937	24.036079162025125	0.0
82.0	23.970559762951655	25.985386508335136	25.929126810201385	24.114926918511827	0.0
83.0	23.947971704598704	25.996329791263896	26.013586506651553	24.04211199748585	0.0
84.0	24.099774680610466	25.961676061989493	25.9142551692982	24.024294088101847	0.0
85.0	23.991885134812826	25.99422531377759	25.91607904978633	24.097810501623254	0.0
86.0	24.001144835752548	26.060446205346494	25.91720143777902	24.02120752112194	0.0
87.0	23.9942702092973	26.03182531153282	26.004186507212744	23.969717971957134	0.0
88.0	23.969297076459874	26.013025312655202	25.933335765173982	24.084341845710934	0.0
89.0	24.06750602582054	25.99492680627303	25.932073078682205	24.005494089224232	0.0
90.0	23.990201552823788	25.997873074753848	25.91762233327628	24.094303039146087	0.0
91.0	23.946989615105096	26.048801429922303	25.955923823526938	24.048285131445663	0.0
92.0	23.963123942500065	26.062971578330057	25.923374571738833	24.050529907431052	0.0
93.0	23.954285137057603	26.028598446053824	25.927162631214173	24.0899537856744	0.0
94.0	23.893395588453995	25.99268203028764	26.044732773448793	24.069189607809577	0.0
95.0	24.056141847394517	25.889282036460777	26.076720831240547	23.977855284904162	0.0
96.0	24.015314984160298	25.952556659548858	26.10506112805605	23.92706722823479	0.0
97.0	24.04084931099407	25.97135665842647	25.943156660110052	24.04463737046941	0.0
98.0	24.054037369908215	26.01162232766434	25.951995465552507	23.982344836874937	0.0
99.0	24.090935875168007	25.947926809078997	25.931090989188597	24.030046326564396	0.0
100.0	24.024995580597277	25.954520838536073	25.951995465552507	24.068488115314143	0.0
101.0	23.933661257691867	26.01583128263694	25.9783715833808	24.072135876290396	0.0
102.0	24.008159760706878	26.013867103649723	25.99085814979951	23.98711498584388	0.0
103.0	23.969437374958964	26.069705906286217	25.8974193494078	24.063437369347024	0.0
104.0	24.0258373715918	25.968550688444736	25.959431286004104	24.046180653959365	0.0
105.0	23.992446328809176	26.00853576068443	25.946944719585392	24.052073190921003	0.0
106.0	24.004371701231538	26.043329788457925	25.86949994808955	24.08279856222098	0.0
107.0	23.969998568955308	26.056237250373897	25.931090989188597	24.042673191482198	0.0
108.0	24.004652298229715	25.893070095936118	26.011341730666164	24.090935875168007	0.0
109.0	24.01784035714386	25.99871486574837	25.947926809078997	24.035517968028778	0.0
110.0	24.07564333876756	25.90401337886487	25.97542531489998	24.044917967467583	0.0
111.0	23.91696573630055	26.043610385456095	25.976126807395417	24.063297070847938	0.0
112.0	23.97547021041969	26.016532775132372	25.89910293139684	24.108894083051098	0.0
113.0	23.95190006257313	26.066198443809046	26.022705909092185	23.959195584525634	0.0
114.0	24.046040355460278	25.98819247831687	25.92169098974979	24.044076176473066	0.0
115.0	23.964246330492756	26.00278352222188	25.962377554484924	24.07059259280044	0.0
116.0	23.98921946333018	25.90022531938953	25.97879247887806	24.131762738402223	0.0
117.0	23.97589110591695	26.079386502723196	25.92463725823061	24.020085133129246	0.0
118.0	24.087989606687188	25.960553673996795	25.9100462143256	24.041410504990417	0.0
119.0	23.988237373836576	25.986649194826917	25.86767606760143	24.15743736373508	0.0
120.0	24.049828414935618	25.99913576124563	25.929688004197732	24.021347819621024	0.0
121.0	23.997356776277208	26.01456859614516	25.916499945283583	24.07157468229405	0.0
122.0	23.98304632937037	26.019198446615015	25.92098949725436	24.076765726760254	0.0
123.0	24.100756770104073	25.90667905034752	25.92183128824888	24.070732891299528	0.0
124.0	23.95442543555669	26.02452978958031	25.956905913020545	24.06413886184246	0.0
125.0	23.92790901922931	25.96125516649223	25.99422531377759	24.116610500500865	0.0
126.0	23.973506031432475	26.073213368763383	25.98187904585797	23.971401553946176	0.0
127.0	23.981082150383155	25.99773277625476	25.926461138718736	24.094723934643348	0.0
128.0	23.928049317728398	26.11558351548755	25.919305915265316	24.037061251518733	0.0
129.0	23.98753588134114	26.131437245884342	25.809873085977724	24.07115378679679	0.0
130.0	23.994691104794562	25.92800442220869	26.010219342673473	24.067085130323278	0.0
131.0	24.003670208736107	26.01961934211228	25.941332779621924	24.03537766952969	0.0
132.0	24.072556771787657	26.082052174205838	25.855470098180888	23.989920955825614	0.0
133.0	23.992306030310086	25.928705914704125	25.959711883002274	24.11927617198351	0.0
134.0	23.92075379577589	26.005028298207268	26.00236262672462	24.071855279292222	0.0
135.0	23.950497077582263	26.07952680122228	25.92169098974979	24.048285131445663	0.0
136.0	23.98304632937037	26.068022324297175	25.84578950174391	24.103141844588546	0.0
137.0	24.004231402732454	26.011341730666164	25.854908904184544	24.129517962416838	0.0
138.0	23.995673194288166	26.02845814755474	25.951293973057076	24.02457468510002	0.0
139.0	24.044917967467583	26.033649192020942	25.86094173964527	24.0604911008662	0.0
140.0	24.025977670090885	25.958870092007757	25.931090989188597	24.084061248712764	0.0
141.0	23.947129913604183	25.976828299890848	25.891386513947072	24.184655272557894	0.0
142.0	23.99595379128634	26.066619339306307	25.91762233327628	24.019804536131073	0.0
143.0	23.998338865770812	26.074195458256987	25.8522432327019	24.075222443270302	0.0
144.0	23.982344836874937	26.02509098357666	25.86978054508773	24.122783634460678	0.0
145.0	23.926926929735707	26.054693966883942	25.88942233495986	24.128956768420494	0.0
146.0	23.988517970834746	26.09804620310172	25.838073084294145	24.07536274176939	0.0
147.0	24.027661252079927	26.00446710421092	25.812538757460374	24.155332886248786	0.0
148.0	23.925243347746665	25.990016358804997	26.01639247663329	24.068347816815056	0.0
149.0	23.93085528771013	26.016111879635112	25.90415367736396	24.148879155290796	0.0
