# Position (bp)	A	C	G	T	N
0.0	24.070146142482244	25.918398041125677	26.019321675107427	23.992134141284655	0.0
1.0	24.193138036262226	25.780365995763454	25.97588796633255	24.050608001641766	0.0
2.0	24.059463417993925	25.891691229904882	26.053618843201498	23.995226508899695	0.0
3.0	24.117375029693758	25.90293620305048	25.951149025412235	24.02853974184353	0.0
4.0	24.037395158195686	25.862454299726323	26.012715253384382	24.0874352886936	0.0
5.0	24.07843931017712	25.877072764815605	26.004984334346787	24.039503590660487	0.0
6.0	24.18456374423871	25.88522537034616	25.97406065819639	23.95615022721874	0.0
7.0	24.09502564556688	25.850365953594807	25.97532571767527	24.079282683163044	0.0
8.0	24.10247544027584	25.89703259214904	26.00020522075991	24.000286746815213	0.0
9.0	24.03556785005953	25.932735381886317	25.973498409539108	24.058198358515046	0.0
10.0	24.090387094144322	25.915305673510638	25.96675142565175	24.02755580669329	0.0
11.0	24.053981493585447	25.92177153306936	26.010325696590947	24.013921276754253	0.0
12.0	24.082234488613764	25.829562753275447	26.089743319431737	23.998459438679053	0.0
13.0	24.00815822801713	25.884100873031603	26.06655056231894	24.041190336632326	0.0
14.0	24.122997516266555	25.914883987017678	25.982634950219907	23.979483546495857	0.0
15.0	24.029664239158087	25.924161089862796	26.03773531863334	24.00843935234577	0.0
16.0	24.123419202759518	25.84980370493753	26.028458215788223	23.99831887651473	0.0
17.0	24.124965386567034	25.849663142773206	25.98558675567063	24.039784714989125	0.0
18.0	24.09924251049648	25.90335788954344	25.967735360801992	24.029664239158087	0.0
19.0	24.135085862398075	26.00934176144071	25.892675165055124	23.9628972111061	0.0
20.0	24.09629070504576	25.91193218156696	25.90040608409272	24.09137102929456	0.0
21.0	24.072395137111364	25.92177153306936	26.0409682484127	23.96486508140658	0.0
22.0	24.082093926449442	25.908839813951918	26.009060637112064	24.000005622486572	0.0
23.0	24.02319837959937	25.902655078721843	26.03703250781174	24.03711403386705	0.0
24.0	24.066913212702882	25.940044614430956	25.980667079919428	24.01237509294673	0.0
25.0	24.057636109857768	25.952132960562473	26.010887945248225	23.979342984331538	0.0
26.0	24.045969450219207	25.977996398797348	26.018337739957186	23.95769641102626	0.0
27.0	24.151672197787832	25.874261521529203	25.934281565693833	24.039784714989125	0.0
28.0	24.03866021767457	25.938357868459118	26.013699188534627	24.00928272533169	0.0
29.0	24.17121033862831	25.909120938280562	25.996691166651907	23.922977556439225	0.0
30.0	24.051029688134726	25.929643014271274	26.057132897309497	23.9621944002845	0.0
31.0	24.19243522544063	25.874402083693525	25.939482365773674	23.993680325092175	0.0
32.0	24.0860296670504	25.937233371144558	25.99205261522935	23.984684346575694	0.0
33.0	23.99831887651473	26.020305610257665	26.005124896511106	23.976250616716495	0.0
34.0	24.140567786806557	25.87594826750104	26.001470280238788	23.982013665453618	0.0
35.0	24.069443331660644	26.01201244256279	25.96478355535127	23.9537606704253	0.0
36.0	24.014342963247213	25.954100830862952	26.004281523525187	24.02727468236465	0.0
37.0	24.03851965551025	25.97532571767527	25.982775512384233	24.003379114430253	0.0
38.0	24.11231479177824	25.89028560826168	25.936952246815913	24.060447353144166	0.0
39.0	24.130447310975516	25.85359888337417	26.023257415708382	23.992696389941933	0.0
40.0	24.103740499754718	25.99486385851575	25.884381997360244	24.01701364436929	0.0
41.0	24.018981514669772	25.877213326979927	26.0606469514175	24.04315820693281	0.0
42.0	24.152937257266714	25.934562690022478	25.938638992787755	23.973861059923056	0.0
43.0	23.990587957477132	26.005124896511106	26.038438129454946	23.965849016556817	0.0
44.0	24.058057796350727	25.930205262928556	26.027755404966623	23.983981535754097	0.0
45.0	24.034724477073606	25.96717311214471	26.023538540037023	23.974563870744657	0.0
46.0	24.105286683562237	25.94440204152487	25.904482386858003	24.04582888805489	0.0
47.0	24.058198358515046	25.95157071190519	25.99233373955799	23.99789719002177	0.0
48.0	24.16671234937007	25.856831813153526	26.04701242147846	23.92944341599794	0.0
49.0	24.034583914909287	25.98657069082087	25.99879959911671	23.980045795153135	0.0
50.0	24.06888108300336	25.854863942853047	26.05867908111702	24.01757589302657	0.0
51.0	24.066210401881282	26.00104859374583	25.90139001924296	24.03135098512993	0.0
52.0	24.09066821847296	26.106329654821494	25.875807705336722	23.92719442136882	0.0
53.0	24.10542724572656	25.91910085194728	25.95227352272679	24.02319837959937	0.0
54.0	24.02671243370737	25.948618906454474	25.990506431421828	24.034162228416328	0.0
55.0	23.954041794753937	25.972795598717514	26.07934171927206	23.993820887256494	0.0
56.0	24.02066826064161	25.96604861483015	25.999080723445346	24.01420240108289	0.0
57.0	24.00745541719553	25.941028549581198	26.051932097229663	23.999583935993613	0.0
58.0	24.063118034266246	26.013839750698946	26.025928096830462	23.897114118204346	0.0
59.0	24.09755576452464	25.97659077715415	25.872012526900086	24.053840931421124	0.0
60.0	24.01518633623313	25.92078759791912	26.025084723844543	24.03894134200321	0.0
61.0	24.072957385768643	25.943136982045996	25.994020485529827	23.989885146655535	0.0
62.0	24.069865018153603	25.939904052266634	25.96534580400855	24.02488512557121	0.0
63.0	24.037254596031367	25.987414063806792	25.98502450701335	23.990306833148495	0.0
64.0	24.126511570374557	25.924161089862796	25.937936181966155	24.011391157796492	0.0
65.0	23.993680325092175	26.007795577633186	25.96155062557191	24.036973471702726	0.0
66.0	24.068178272181765	25.892815727219443	26.0226951670511	24.016310833547692	0.0
67.0	23.978077924852656	25.948056657797192	25.97954258260487	24.09432283474528	0.0
68.0	24.062696347773286	26.04898029177894	25.845305715679288	24.04301764476849	0.0
69.0	24.09291721310208	25.962815685050796	25.917554668139758	24.02671243370737	0.0
70.0	24.07422244524752	25.96928154460951	25.968438171623593	23.988057838519374	0.0
71.0	24.069162207332003	25.921349846576398	25.97195222573159	24.037535720360008	0.0
72.0	23.984403222247057	26.04898029177894	25.962393998557832	24.004222487416172	0.0
73.0	23.95193336228914	25.95620926332775	25.959723317435753	24.132134056947354	0.0
74.0	24.03598953655249	26.008638950619105	25.927534581806476	24.02783693102193	0.0
75.0	24.049764628655844	25.97153053923863	25.925285587177356	24.053419244928165	0.0
76.0	24.040346963646407	26.00287590188199	25.928237392628077	24.02853974184353	0.0
77.0	24.080828866970563	25.876651078322645	25.95353858220567	24.08898147250112	0.0
78.0	24.138740478670396	25.930064700764238	25.91853860329	24.01265621727537	0.0
79.0	24.070708391139522	26.00400039919655	25.931892008900398	23.993399200763534	0.0
80.0	24.053138120599527	25.96323737154375	25.98896024761431	23.994664260242413	0.0
81.0	24.079704369656003	26.010325696590947	25.89225347856216	24.01771645519089	0.0
82.0	24.051732498956326	25.897454278642	26.030426086088703	24.02038713631297	0.0
83.0	24.074081883083203	25.9283779547924	25.99275542605095	24.004784736073454	0.0
84.0	24.063399158594883	25.9072936301444	26.05966301626726	23.969644194993457	0.0
85.0	23.915527761730264	26.031972269896226	25.950586776754953	24.10191319161856	0.0
86.0	24.11006579714912	25.98235382589127	25.884803683853203	24.022776693106408	0.0
87.0	24.02179275795617	26.001891966731748	25.946932160482632	24.02938311482945	0.0
88.0	24.063680282923524	25.96253456072215	25.968157047294955	24.00562810905937	0.0
89.0	24.00998553615329	25.97869920961895	25.97518515551095	24.036130098716807	0.0
90.0	23.976250616716495	26.06078751358182	25.953116895712714	24.009844973988972	0.0
91.0	24.064664218073766	25.93104863591448	25.97462290685367	24.029664239158087	0.0
92.0	23.996210444049932	25.95803657146391	25.98853856112135	24.057214423364805	0.0
93.0	24.020808822805932	25.97659077715415	25.963096809379433	24.039503590660487	0.0
94.0	24.08293729943536	26.022414042722463	25.9192414141116	23.975407243730576	0.0
95.0	23.95277673527506	26.026490345487748	25.92050647359048	24.10022644564672	0.0
96.0	24.012093968618093	25.922474343890954	25.925004462848715	24.140427224642234	0.0
97.0	24.041330898796648	25.97518515551095	25.942715295553036	24.04076865013937	0.0
98.0	24.09811801318192	25.991630928736388	25.88649042982504	24.02376062825665	0.0
99.0	24.01870039034113	25.924301652027115	25.935968311665675	24.12102964596608	0.0
100.0	24.03823853118161	25.954100830862952	25.96590805266583	24.041752585289608	0.0
101.0	23.9671140760357	26.025506410337503	25.92120928441208	24.08617022921472	0.0
102.0	24.01715420653361	26.08229352472278	25.853177196881205	24.047375071862405	0.0
103.0	24.03809796901729	25.942715295553036	25.93175144673608	24.0874352886936	0.0
104.0	23.87153180429811	26.06851843261942	25.915305673510638	24.144644089571834	0.0
105.0	23.94195344862242	25.96590805266583	26.032815642882145	24.059322855829603	0.0
106.0	24.09404171041664	25.92261490605528	25.892675165055124	24.09066821847296	0.0
107.0	23.94082895130786	26.022273480558145	25.932032571064717	24.104864997069278	0.0
108.0	23.94701368653794	26.093397935704054	25.897313716477683	24.062274661280327	0.0
109.0	23.9551662920685	26.107594714300376	25.914181176196077	24.02305781743505	0.0
110.0	24.067475461360164	25.95536589034183	25.96984379326679	24.00731485503121	0.0
111.0	24.03823853118161	25.954100830862952	25.982634950219907	24.02502568773553	0.0
112.0	24.131852932618717	25.944823728017834	25.922333781726635	24.000989557636814	0.0
113.0	23.990869081805773	26.018899988614464	25.952976333548396	24.037254596031367	0.0
114.0	24.01602970921905	25.945104852346475	25.97448234468935	24.06438309374512	0.0
115.0	24.02629074721441	26.03000439959574	25.88325750004568	24.060447353144166	0.0
116.0	23.983278724932493	25.99219317739367	25.941871922567117	24.082656175106724	0.0
117.0	23.989182335833934	26.00484377218247	25.988679123285667	24.01729476869793	0.0
118.0	24.039784714989125	25.998518474788067	25.84811695896569	24.113579851257118	0.0
119.0	23.93956389182898	26.083277459873017	25.895345846177204	24.0818128021208	0.0
120.0	23.981310854632014	26.003016464046308	25.934281565693833	24.08139111562784	0.0
121.0	24.00351967659457	25.94440204152487	26.008779512783427	24.043298769097127	0.0
122.0	24.073379072261602	25.999783534266946	25.882976375717043	24.043861017754406	0.0
123.0	23.994664260242413	26.05769514596678	25.868217348463446	24.079423245327362	0.0
124.0	24.048640131341287	26.086229265323734	25.815084850350487	24.050045752984488	0.0
125.0	24.045266639397607	25.948618906454474	25.917554668139758	24.08855978600816	0.0
126.0	24.047796758355368	25.945245414510794	25.946510473989676	24.060447353144166	0.0
127.0	24.0916521536232	26.008638950619105	25.90743419230872	23.992274703448974	0.0
128.0	24.076893126369605	25.96534580400855	25.885506494674804	24.072254574947046	0.0
129.0	24.02291725527073	25.970265479759753	25.97321728521047	24.03359997975905	0.0
130.0	23.94237513511538	26.091430065403575	25.91741410597544	24.048780693505606	0.0
131.0	23.97245543827986	26.044060616027743	25.829422191111128	24.15406175458127	0.0
132.0	24.037395158195686	26.029723275267102	25.81677159632233	24.11610997021488	0.0
133.0	24.02755580669329	25.997815663966467	25.82281576938809	24.15181275995215	0.0
134.0	23.94982492982434	25.99936184777399	25.857112937482167	24.193700284919505	0.0
135.0	23.9368932107069	26.0747031678495	25.89632978132744	24.09207384011616	0.0
136.0	24.068037710017443	26.012855815548708	25.79048647159449	24.128620002839355	0.0
137.0	23.979624108660175	25.970265479759753	25.949181155111756	24.10092925646832	0.0
138.0	24.03584897438817	26.0381570051263	25.856831813153526	24.069162207332003	0.0
139.0	24.03486503923793	26.06022526492454	25.81494428818617	24.089965407651363	0.0
140.0	23.9411100756365	26.078076659793176	25.837996483134653	24.142816781435673	0.0
141.0	23.923961491589463	26.017916053464223	25.89239404072648	24.16572841421983	0.0
142.0	24.10121038079696	25.98305663671287	25.705727486509545	24.210005495980624	0.0
143.0	23.93506590257074	26.01805661562854	25.876651078322645	24.170226403478072	0.0
144.0	24.00956384966033	26.0599441405959	25.859643056439925	24.070848953303845	0.0
145.0	23.992415265613293	25.98052651775511	25.8988599002852	24.128198316346396	0.0
146.0	23.983981535754097	25.999080723445346	25.87791613780152	24.139021602999033	0.0
147.0	24.022776693106408	25.946088787496713	25.922193219562317	24.10894129983456	0.0
148.0	24.001692368458414	26.012855815548708	25.90096833275	24.084483483242884	0.0
149.0	24.060025666651207	25.957614884970955	25.774602947026338	24.207756501351504	0.0
