# Position (bp)	A	C	G	T	N
0.0	24.11237793040925	25.83433870202561	25.98370106130332	24.069582306261815	0.0
1.0	24.12110598533405	25.800271132802987	26.01903560624084	24.05958727562212	0.0
2.0	24.069019205944088	25.948366516365805	26.019598706558572	23.963015571131535	0.0
3.0	24.154892004397812	25.813503990269627	25.982434085588434	24.049169919744127	0.0
4.0	24.128003964226235	25.860663641879462	25.96525952589769	24.046072867996614	0.0
5.0	24.08943159246178	25.8782605268085	26.009040575601144	24.023267305128577	0.0
6.0	24.094781045480204	25.827299948053994	26.03944799275853	24.03847101370727	0.0
7.0	24.192901275844545	25.847993884730545	26.015938554493328	23.94316628493158	0.0
8.0	24.07591718483627	25.83152320043697	26.08505911849461	24.007500496232154	0.0
9.0	24.107450802629117	25.971594404472143	25.93344435794598	23.987510434952764	0.0
10.0	24.097596547068854	25.894590436022654	25.974409906060792	24.033403110847708	0.0
11.0	24.18769259790555	25.88614393125671	25.93189583207222	23.994267638765514	0.0
12.0	24.06662602959374	25.884736180462394	26.026496685450756	24.02214110449312	0.0
13.0	24.207823434264373	25.81603794169941	26.058311853402465	23.917826770633756	0.0
14.0	24.14025139613685	25.818008792811458	26.004113447821016	24.037626363230675	0.0
15.0	24.196983753148082	25.83447947710504	26.037899466884774	23.9306373028621	0.0
16.0	24.11547498215676	25.897687487770167	26.024807384497567	23.96203014557551	0.0
17.0	24.130819465814884	25.895435086499248	26.005380423535907	23.968365024149964	0.0
18.0	23.983427957649226	25.92246390175026	26.035787840693292	24.05832029990723	0.0
19.0	24.077888035948327	25.973002155266467	25.88290610442977	24.06620370435544	0.0
20.0	24.14391154820209	25.984545711779916	25.85883356584684	24.01270917417115	0.0
21.0	24.137154344389337	25.87150332299575	26.014390028619573	23.97695230399534	0.0
22.0	24.068456105626357	25.886003156177278	25.986235012733104	24.059305725463258	0.0
23.0	24.035655512118623	25.995103842737343	25.94625489017432	24.02298575496971	0.0
24.0	24.118853584063135	25.938512260805542	25.920493050638203	24.02214110449312	0.0
25.0	24.029039083385303	25.93076963143676	26.077738814364125	23.962452470813805	0.0
26.0	24.08957236754121	25.990176714957215	25.97384680574306	23.946404111758522	0.0
27.0	24.06803378038806	25.92147847619423	25.934992883819735	24.075494859597974	0.0
28.0	24.041990390693076	25.941046212235324	26.0014387213118	24.015524675759796	0.0
29.0	24.054519372762556	25.955686820496286	25.94315783842681	24.046635968314344	0.0
30.0	24.0438204667257	25.991584465751533	25.98947283956005	23.975122227962718	0.0
31.0	23.94950116350603	26.033816989581236	25.967371152089175	24.049310694823557	0.0
32.0	24.109421653741165	25.920352275558773	26.002283371788394	23.967942698911667	0.0
33.0	24.093373294685883	25.960332398117558	25.944565589221135	24.00172871797543	0.0
34.0	24.063951303084522	25.98876896416289	25.87516347506099	24.072116257691597	0.0
35.0	24.01848095242788	25.973424480504764	26.048316822762768	23.959777744304592	0.0
36.0	24.101960574531255	25.90571166729781	25.986798113050835	24.005529645120102	0.0
37.0	23.940491558422362	26.023540408782676	25.97581765685511	24.06015037593985	0.0
38.0	24.039878764501594	26.031986913548614	25.916832898572963	24.01130142337683	0.0
39.0	24.053956272444825	25.9452694646183	25.99256989130756	24.008204371629315	0.0
40.0	24.165731685514103	25.88952253316309	25.938512260805542	24.006233520517263	0.0
41.0	24.00890824702648	25.962725574467903	26.024948159577	24.003418018928617	0.0
42.0	24.170095712976504	25.869250921724834	25.971031304154412	23.989622061144246	0.0
43.0	24.149683326458817	25.92696870429209	25.95526449525799	23.9680834739911	0.0
44.0	24.00496654480237	26.00650662417136	25.945973340015456	24.042553491010807	0.0
45.0	24.074368658962516	26.02382195894154	25.97328370542533	23.928525676670613	0.0
46.0	24.04030108973989	26.01720553020822	25.967371152089175	23.975122227962718	0.0
47.0	24.05099999577675	25.867561620771646	25.993132991625288	24.088305391826317	0.0
48.0	23.936972181436552	25.968356577645196	26.06464673197692	24.030024508941327	0.0
49.0	24.133916517562394	25.890789508877983	25.958220771926072	24.017073201633554	0.0
50.0	24.039315664183864	25.88403230506523	26.01481235385787	24.061839676893037	0.0
51.0	24.06859688070579	25.998341669564283	25.946395665253753	23.98666578447617	0.0
52.0	23.99342298828892	25.92809490492755	26.04902069815993	24.0294614086236	0.0
53.0	24.11139250485322	25.92753180460982	25.963992550182795	23.99708314035416	0.0
54.0	24.047199068632075	25.96596340129485	25.99355531686359	23.99328221320949	0.0
55.0	24.105761501675925	25.92190080143253	26.011856077189794	23.960481619701753	0.0
56.0	24.051281545935613	25.895998186816975	25.997919344325993	24.05480092292142	0.0
57.0	24.090557793097233	25.880935253317716	26.060986579911678	23.96752037367337	0.0
58.0	24.058742625145527	25.96089549843528	25.972298279869303	24.008063596549885	0.0
59.0	24.037626363230675	25.94020156175873	25.957516896528908	24.064655178481683	0.0
60.0	24.01144219845626	26.065632157532946	25.954842170019692	23.9680834739911	0.0
61.0	24.013413049568314	25.998060119405427	25.965541076056553	24.02298575496971	0.0
62.0	24.07338323340649	26.005802748774197	25.938512260805542	23.982301757013765	0.0
63.0	24.089290817382345	25.85221713711352	26.000594070835202	24.057897974668933	0.0
64.0	24.041004965137052	25.94020156175873	26.00566197369477	24.01313149940945	0.0
65.0	24.009189797185343	26.018190955764247	26.000171745596905	23.9724475014535	0.0
66.0	24.046213643076047	25.963288674785634	25.971594404472143	24.018903277666173	0.0
67.0	23.960622394781186	25.99130291559267	25.95864309716437	24.08943159246178	0.0
68.0	24.063810528005092	25.92696870429209	26.018754056081978	23.990466711620844	0.0
69.0	24.00707817099386	25.975958431934544	25.99369609194302	24.023267305128577	0.0
70.0	24.070567731817842	25.94907039176297	25.967371152089175	24.012990724330017	0.0
71.0	23.995253064321542	25.89965833888222	26.053525500701763	24.051563096094476	0.0
72.0	23.99088903685914	25.99369609194302	25.967934252406906	24.04748061879094	0.0
73.0	24.026223581796657	26.015938554493328	25.875445025219857	24.08239283849016	0.0
74.0	24.036218612436354	25.925420178418335	25.99073981527494	24.047621393870372	0.0
75.0	24.01439847512434	25.913313521587156	25.98539036225651	24.086897641031992	0.0
76.0	24.010456772900234	25.959769297799827	25.965541076056553	24.064232853243386	0.0
77.0	24.05170387117391	25.934429783502004	25.994540742419613	24.01932560290447	0.0
78.0	24.088727717064614	26.00946290083944	25.979618583999788	23.922190798096157	0.0
79.0	23.986384234317303	25.96920122812179	26.050287673874823	23.994126863686084	0.0
80.0	23.998490891148485	25.974409906060792	26.024525834338704	24.002573368452023	0.0
81.0	24.021718779254822	25.934992883819735	25.97990013415865	24.063388202766795	0.0
82.0	24.036359387515784	25.993132991625288	25.95695379621118	24.013553824647747	0.0
83.0	24.02411195560517	26.063942856579757	25.942735513188513	23.96920967462656	0.0
84.0	23.955132166683324	26.01931715639971	25.97708463257	24.048466044346966	0.0
85.0	23.930918853020962	25.966104176374284	25.998060119405427	24.104916851199334	0.0
86.0	24.085630665317105	26.03100148799259	25.969623553360087	23.913744293330215	0.0
87.0	24.06662602959374	25.95456061986083	25.96244402430904	24.016369326236394	0.0
88.0	23.98849586050879	26.00383189766215	25.96131782367358	24.04635441815548	0.0
89.0	23.985258033681845	25.942031637791352	26.00383189766215	24.068878430864654	0.0
90.0	24.022281879572553	25.916832898572963	25.948788841604102	24.112096380250385	0.0
91.0	24.031573034815086	25.915002822540345	25.95526449525799	24.09815964738658	0.0
92.0	24.08788306658802	25.8643237939447	26.084355243097445	23.963437896369832	0.0
93.0	24.010456772900234	26.01931715639971	25.877838201570206	24.092387869129855	0.0
94.0	24.09154321865326	25.967793477327472	25.94625489017432	23.994408413844948	0.0
95.0	23.957947668271974	25.891493384275144	26.009181350680578	24.14137759677231	0.0
96.0	24.020029478301634	25.90233306539143	25.997497019087696	24.080140437219242	0.0
97.0	24.103368325325576	25.92696870429209	25.968215802565766	24.001447167816565	0.0
98.0	24.10350910040501	25.895435086499248	25.956813021131747	24.044242791963995	0.0
99.0	24.043116591328538	25.97863315844376	26.00875902544228	23.969491224785425	0.0
100.0	24.005529645120102	26.012419177507525	26.03043838767486	23.951612789697517	0.0
101.0	24.1047760761199	25.966244951453714	25.897687487770167	24.03129148465622	0.0
102.0	24.00890824702648	25.973424480504764	25.918381424446718	24.09928584802204	0.0
103.0	24.046635968314344	25.962303249229606	25.955968370655153	24.035092411800893	0.0
104.0	23.908817165550087	26.087733845003825	25.964837200659392	24.038611788786703	0.0
105.0	24.006796620834994	25.98060400955581	25.907119418092133	24.10547995151706	0.0
106.0	24.015947000998096	25.99482229257848	25.959628522720397	24.029602183703034	0.0
107.0	24.009752897503073	26.038603342281935	25.963288674785634	23.988355085429358	0.0
108.0	24.00355879400805	26.000171745596905	25.910498019998506	24.085771440396535	0.0
109.0	23.90121531126074	26.024666609418134	25.90233306539143	24.171785013929696	0.0
110.0	23.930214977623802	25.957376121449478	26.051554649589708	24.06085425133701	0.0
111.0	24.00172871797543	25.937808385408385	25.921056150955934	24.139406745660256	0.0
112.0	24.02045180353993	26.06830688404216	25.9257017285772	23.98553958384071	0.0
113.0	23.924443199367076	26.121660639147017	25.796470205658313	24.1574259558276	0.0
114.0	23.932185828735854	26.04902069815993	25.92851723016585	24.09027624293837	0.0
115.0	24.059305725463258	25.974128355901925	25.92330855222685	24.043257366407968	0.0
116.0	24.054237822603692	25.956109145734587	25.958502322084936	24.03115070957679	0.0
117.0	24.044102016884565	26.00495809829761	25.898672913326195	24.05226697149164	0.0
118.0	23.994830739083245	26.02987528735713	25.98046323447638	23.994830739083245	0.0
119.0	24.05409704752426	26.051413874510278	25.89670206221414	23.997787015751324	0.0
120.0	24.067048354832036	25.93414823334314	25.89501276126095	24.103790650563877	0.0
121.0	24.050155345300155	25.969482778280657	25.940342336838164	24.040019539581024	0.0
122.0	23.989340510985382	26.028608311642238	25.957798446687775	24.0242527306846	0.0
123.0	24.081688963092997	25.97807005812603	25.956249920814017	23.983991057966954	0.0
124.0	23.979627030504552	25.979759359079218	25.9535751943048	24.087038416111426	0.0
125.0	23.908676390470653	26.001720271470663	25.967371152089175	24.122232185969512	0.0
126.0	24.013553824647747	25.991584465751533	25.834901802343342	24.159959907257377	0.0
127.0	24.170658813294235	25.963429449865068	25.832508625992993	24.033403110847708	0.0
128.0	24.07465020912138	26.01298227782525	25.862071392673787	24.050296120379585	0.0
129.0	23.96878734938826	26.090971671830765	25.896983612373003	24.043257366407968	0.0
130.0	24.010456772900234	25.932036607151655	25.910216469839643	24.147290150108468	0.0
131.0	24.03072838433849	26.019880256717435	25.918240649367284	24.03115070957679	0.0
132.0	24.14560084915528	25.931755056992788	25.834901802343342	24.087742291508587	0.0
133.0	24.058179524827796	25.990599040195512	25.78070339676189	24.1705180382148	0.0
134.0	23.974418352565554	25.957376121449478	25.965118750818256	24.103086775166712	0.0
135.0	24.001587942895995	25.99608926829337	25.90402236634462	24.09830042246601	0.0
136.0	24.096048021195095	26.015375454175597	25.848838535207143	24.03973798942216	0.0
137.0	24.048184494188103	25.925420178418335	25.88121680347658	24.145178523916982	0.0
138.0	23.98666578447617	25.986798113050835	25.905430117138945	24.12110598533405	0.0
139.0	24.0952033707185	26.06830688404216	25.78309657311224	24.053393172127098	0.0
140.0	24.052689296729934	25.968215802565766	25.946677215412617	24.03241768529168	0.0
141.0	23.986947334635033	26.0110114267132	25.878542076967364	24.123499161684403	0.0
142.0	24.03664093767465	25.903740816185756	25.906697092853836	24.15292115328576	0.0
143.0	23.99933554162508	25.984545711779916	25.877697426490776	24.138421320104232	0.0
144.0	24.046917518473208	26.019739481638005	25.808576862489495	24.12476613739929	0.0
145.0	24.005811195278966	25.987220438289132	25.853202562669548	24.153765803762354	0.0
146.0	24.01622855115696	26.06337975626203	25.81308166503133	24.107310027549683	0.0
147.0	24.007500496232154	25.95582759557572	25.864183018865265	24.172488889326857	0.0
148.0	24.018340177348446	26.06901075943932	25.878119751729066	24.034529311483162	0.0
149.0	23.995253064321542	25.941186987314758	25.90233306539143	24.16122688297227	0.0
