# Position (bp)	A	C	G	T	N
0.0	24.112627578459257	25.758932776925576	26.033527879206275	24.09491176540889	0.0
1.0	24.10109823980743	25.75288690421791	26.108609182134025	24.037405673840635	0.0
2.0	24.205002889364746	25.86143140957413	25.992190982088754	23.94137471897237	0.0
3.0	24.19839460989358	25.740092150348197	25.99387820237926	24.06763503737896	0.0
4.0	24.069462859360346	25.94930746637159	25.999642871705177	23.981586802562887	0.0
5.0	24.189396101677517	25.858478774065734	25.896300628911362	24.055824495345384	0.0
6.0	24.089287697773855	25.92090592481465	26.046041429694235	23.943764947717263	0.0
7.0	24.056668105490637	25.9504322798986	25.91528185717961	24.07761775743115	0.0
8.0	24.041483122876038	25.784522284664995	26.095955029955192	24.07803956250378	0.0
9.0	24.08464784197495	25.87085172286282	26.045338421239855	23.99916201392238	0.0
10.0	24.14032611156182	25.803362911242374	26.097079843482195	23.95923113371361	0.0
11.0	23.981305599181134	25.862696824792014	26.02031132026394	24.135686255762913	0.0
12.0	24.046685385438447	25.938340534483267	25.972928550438745	24.042045529639537	0.0
13.0	24.008301123829316	25.866352468754787	26.031137650461382	24.09420875695451	0.0
14.0	24.15101184006839	25.878866019242746	25.99458121083364	23.97554092985522	0.0
15.0	24.19038031351365	25.84427800328727	25.97011651662123	23.995225166577853	0.0
16.0	24.07283729994137	25.86733668059092	26.056727158200804	24.003098861266906	0.0
17.0	24.08253881661181	25.842590782996755	26.026357192971606	24.048513207419834	0.0
18.0	24.09181852820962	25.871554731317197	26.036761718096425	23.99986502237676	0.0
19.0	24.108831332805607	25.872538943153327	25.943964602118303	24.074665121922756	0.0
20.0	24.22834277005015	25.853698316575958	25.892504383257712	24.025454530116182	0.0
21.0	24.03782747891326	25.958165372896776	26.03901134515044	23.96499580303953	0.0
22.0	24.18110060191584	25.884490086877786	25.927936009358447	24.006473301847926	0.0
23.0	24.048372605728957	25.946776635935827	26.070787327288397	23.934063431046823	0.0
24.0	24.052168851382607	25.94382400042743	25.97264734705699	24.031359801132968	0.0
25.0	24.118392247785174	25.937778127719763	25.945089415645313	23.99874020884975	0.0
26.0	24.142153933543206	25.910501399689835	25.936793915883634	24.01055075088333	0.0
27.0	24.06763503737896	25.88463068856866	26.02031132026394	24.02742295378844	0.0
28.0	24.06411999510706	25.858619375756614	25.98937894827123	24.087881680865095	0.0
29.0	24.043170343166548	25.865087053536907	26.025935387898976	24.065807215397573	0.0
30.0	24.099129816135168	25.86255622310114	26.09890766546358	23.93940629530011	0.0
31.0	24.140466713252692	25.93131044993947	25.95113528835298	23.977087548454858	0.0
32.0	24.118532849476047	25.90065928132852	25.994300007451887	23.986507861743544	0.0
33.0	24.02714175040669	25.964070643913562	26.052227904092774	23.956559701586972	0.0
34.0	24.155651695867295	25.95465033062488	25.955915745842763	23.93378222766507	0.0
35.0	24.09800500260816	25.816720071875583	25.995424820978897	24.08985010453736	0.0
36.0	24.124859925565463	25.87324195160771	26.054618132837664	23.94727998998916	0.0
37.0	24.041061317803408	25.93651271250188	25.994440609142767	24.027985360551945	0.0
38.0	24.085069647047575	25.88533369702304	25.983895482327068	24.045701173602314	0.0
39.0	24.107144112515098	25.85496373179384	26.002033100450067	24.035859055240998	0.0
40.0	23.99185072599683	25.97447516903838	26.06277303090847	23.970901074056318	0.0
41.0	24.088022282555972	25.980802245127798	25.98459849078145	23.946576981534783	0.0
42.0	24.075789935449766	25.9095171878537	26.057008361582557	23.95768451511398	0.0
43.0	24.082820019993562	25.891098366348952	25.990644363489114	24.03543725016837	0.0
44.0	24.09224033328225	25.855104333484714	26.081191852413216	23.97146348081982	0.0
45.0	24.084507240284072	25.96083680502342	25.98459849078145	23.97005746391106	0.0
46.0	24.059620740999033	25.821219325983613	26.06446025119898	24.054699681818374	0.0
47.0	24.07522752868626	25.900096874565016	26.01089100697525	24.013784589773476	0.0
48.0	24.045982376984064	26.026638396353352	25.88224045982377	24.04513876683881	0.0
49.0	24.042186131330414	25.912048018289468	25.98867593981685	24.057089910563263	0.0
50.0	23.96794843854792	26.020451921954812	26.012718828956636	23.998880810540626	0.0
51.0	24.09870801106254	25.976724796092398	25.90023747625589	24.024329716589172	0.0
52.0	24.09941101951692	25.97264734705699	25.896863035674865	24.031078597751215	0.0
53.0	24.117267434258164	25.918937501142388	26.09525202150081	23.868543043098637	0.0
54.0	24.073680910086626	26.009063184993863	25.938902941246774	23.97835296367274	0.0
55.0	24.137373476053423	25.876616392188733	25.931591653321224	24.05441847843662	0.0
56.0	24.090131307919112	25.960555601641666	26.014827854319776	23.93448523611945	0.0
57.0	24.0323440129691	25.883084069969026	26.11662347851395	23.96794843854792	0.0
58.0	24.07832076588553	25.88153745136939	26.00470453257671	24.03543725016837	0.0
59.0	24.081273401393926	25.862275019719387	26.041823378967955	24.014628199918732	0.0
60.0	23.95248225255157	25.885896103786543	26.065725666416867	24.09589597724502	0.0
61.0	24.06102675790779	25.87042991779019	26.06389784443548	24.00464547986654	0.0
62.0	24.08731927410159	25.9095171878537	25.976302991019768	24.02686054702494	0.0
63.0	24.07972678279429	25.937215720956257	25.970257118312105	24.012800377937346	0.0
64.0	24.071009477959983	25.94410520380918	25.96603906758583	24.01884625064501	0.0
65.0	24.048372605728957	25.898690857656252	26.037605328241675	24.015331208373112	0.0
66.0	23.976946946763984	25.849058460777048	26.03380908258803	24.140185509870943	0.0
67.0	24.06243277481655	25.883927680114283	25.965195457440572	24.088444087628595	0.0
68.0	24.089287697773855	25.866071265373037	26.101297894208475	23.943343142644633	0.0
69.0	24.021236479389902	25.848074248940918	26.015671464465033	24.11501780720415	0.0
70.0	23.990585310778947	25.89601942552961	26.04576022631248	24.06763503737896	0.0
71.0	24.10433207869758	25.835841901834712	26.043510599258468	24.016315420209246	0.0
72.0	24.05793352070852	25.83485768999858	26.020030116882186	24.087178672410715	0.0
73.0	23.95937173540449	26.063194835981097	25.962524025313925	24.014909403300482	0.0
74.0	24.149746424850505	26.023123354081456	25.845121613432525	23.982008607635517	0.0
75.0	24.071571884723486	26.091736979228912	25.85594794362997	23.98074319241763	0.0
76.0	24.099129816135168	25.873101349916833	25.97124133014824	24.05652750379976	0.0
77.0	24.009004132283696	25.99275338885225	26.022139142245326	23.976103336618728	0.0
78.0	24.0247515216618	25.94790144946283	26.00948499006649	24.01786203880888	0.0
79.0	24.044716961766184	25.97053832169386	25.95971199149641	24.025032725043552	0.0
80.0	24.03037558929684	25.915984865633995	25.985160897544958	24.068478647524216	0.0
81.0	24.052309453073484	25.980802245127798	25.89855025596538	24.06833804583334	0.0
82.0	24.037686877222384	25.98038044005517	25.88884873929494	24.093083943427505	0.0
83.0	24.011816166101212	25.905580340509175	25.934263085447867	24.148340407941745	0.0
84.0	23.975400328164344	25.962664627004806	25.981786456963928	24.08014858786692	0.0
85.0	24.01406579315523	26.040979768822698	25.963367635459182	23.981586802562887	0.0
86.0	23.96485520134865	25.94930746637159	25.938902941246774	24.146934391032985	0.0
87.0	24.086897469028962	25.88884873929494	26.003720320740577	24.020533470935522	0.0
88.0	23.960918354004125	25.97138193183911	26.03732412485992	24.03037558929684	0.0
89.0	23.990725912469824	25.946073627481443	26.02017071857306	24.04302974147567	0.0
90.0	23.993397344596463	26.05714896327343	25.934966093902247	24.014487598227856	0.0
91.0	24.04584177529319	25.944245805500053	25.91542245887049	24.09448996033626	0.0
92.0	23.95360706607858	25.9428397885913	26.056727158200804	24.04682598712932	0.0
93.0	24.066510223851953	25.90023747625589	25.953666118788743	24.079586181103412	0.0
94.0	23.997615395322743	26.003860922431453	25.961258610096046	24.037265072149758	0.0
95.0	23.956137896514342	26.023545159154082	25.95352551709787	24.066791427233706	0.0
96.0	23.929001770175287	25.990363160107364	25.98867593981685	24.091959129900495	0.0
97.0	24.008722928901943	25.900940484710265	26.0561647514373	24.034171834950488	0.0
98.0	23.943061939262883	25.993315795615757	26.003860922431453	24.059761342689907	0.0
99.0	24.089990706228235	25.96378944053181	25.95352551709787	23.992694336142087	0.0
100.0	24.059480139308157	25.968851101403345	25.938481136174147	24.033187623114355	0.0
101.0	24.061870368053047	25.905017933745672	26.058133175109568	23.97497852309172	0.0
102.0	24.022923699680412	25.988957143198604	25.970819525075612	24.017299632045376	0.0
103.0	23.980180785654127	26.036761718096425	25.917672085924504	24.065385410324943	0.0
104.0	24.038108682295015	25.96632027096758	25.946073627481443	24.049497419255964	0.0
105.0	23.93996870206361	25.96603906758583	26.018342896591673	24.07564933375889	0.0
106.0	24.04513876683881	26.014265447556273	25.83654491028909	24.104050875315828	0.0
107.0	23.975119124782594	25.99458121083364	25.95971199149641	24.070587672887353	0.0
108.0	24.013784589773476	26.080207640577086	25.82276594458325	24.08324182506619	0.0
109.0	24.030516190987715	26.001470693686564	25.861572011265004	24.106441104060718	0.0
110.0	23.916066414614704	26.004985735958456	25.930607441485094	24.148340407941745	0.0
111.0	24.07803956250378	25.946354830863193	25.868180290736177	24.10742531589685	0.0
112.0	23.986929666816174	25.988816541507724	25.97911502483729	24.04513876683881	0.0
113.0	24.01505000499136	26.06797529347088	25.901784094855522	24.015190606682236	0.0
114.0	23.934625837810326	25.986988719526337	25.97391276227488	24.104472680388454	0.0
115.0	24.1001140279713	25.991066168561744	25.86424344339165	24.044576360075308	0.0
116.0	24.076352342213266	25.926248789067934	25.972928550438745	24.02447031828005	0.0
117.0	23.97146348081982	26.00428272750408	25.940449559846407	24.083804231829692	0.0
118.0	23.988195082034057	25.977287202855905	25.9691323047851	24.065385410324943	0.0
119.0	24.000989835903766	25.994159405761014	26.009063184993863	23.995787573341357	0.0
120.0	24.016034216827492	25.953947322170496	25.909376586162825	24.120641874839187	0.0
121.0	23.949529617043176	25.942417983518666	25.95760296613327	24.150449433304885	0.0
122.0	23.953466464387702	26.071349734051903	25.87605398542523	24.099129816135168	0.0
123.0	24.018143242190632	26.066147471489494	25.91570366225224	24.000005624067636	0.0
124.0	24.05765231732677	26.047025641530364	25.90782996756319	23.987492073579677	0.0
125.0	24.17168028862715	25.9428397885913	25.836404308598215	24.049075614183334	0.0
126.0	23.883446822331486	26.058976785254817	25.837107317052592	24.220469075361102	0.0
127.0	24.016596623590996	26.046182031385108	25.9100795946172	24.02714175040669	0.0
128.0	23.97146348081982	26.107484368607015	25.875772782043477	24.045279368529688	0.0
129.0	24.02404851320742	25.904033721909542	25.923296153559544	24.1486216113235	0.0
130.0	23.941515320663246	25.999361668323424	25.960414999950785	24.09870801106254	0.0
131.0	23.99227253106946	26.01201582050226	25.894472806929976	24.101238841498308	0.0
132.0	23.924221312685507	26.010750405284373	25.94790144946283	24.117126832567287	0.0
133.0	24.041623724566914	25.961118008405172	25.804768928151127	24.19248933887679	0.0
134.0	23.99353794628734	25.9650548557497	25.932154060084727	24.109253137878238	0.0
135.0	24.02447031828005	25.949729271444216	25.896441230602242	24.129359179673497	0.0
136.0	23.991428920924204	26.00020527846868	25.820516317529236	24.187849483077883	0.0
137.0	23.996912386868363	25.99078496517999	25.879569027697123	24.132733620254516	0.0
138.0	24.062151571434796	25.92090592481465	25.853417113194205	24.163525390556348	0.0
139.0	24.088303485937722	25.969975914930355	25.82417196149201	24.117548637639917	0.0
140.0	23.940812312208866	26.052649709165404	25.89306679002122	24.113471188604514	0.0
141.0	24.02306430137129	25.94073076322816	25.87844421417012	24.157760721230435	0.0
142.0	23.999021412231503	26.036761718096425	25.85187049459457	24.112346375077507	0.0
143.0	24.050481631092097	25.988254134744228	25.915844263943118	24.04541997022056	0.0
144.0	24.011816166101212	25.96800749125809	25.88997355282195	24.13020278981875	0.0
145.0	24.033187623114355	26.00315791397707	25.812220817767557	24.151433645141015	0.0
146.0	23.955434888059965	26.09117457246541	25.84413740159639	24.109253137878238	0.0
147.0	24.01926805571764	25.91739088254275	25.9247021704683	24.138638891271306	0.0
148.0	24.02095527600815	25.939465348010277	25.883787078423403	24.155792297558172	0.0
149.0	24.022783097989535	26.004985735958456	25.87042991779019	24.10180124826181	0.0
