# Position (bp)	A	C	G	T	N
0.0	24.166035838568263	25.825772811497266	25.976182943914672	24.032008406019795	0.0
1.0	24.057288606679624	25.965873141410945	25.92308039951191	24.053757852397524	0.0
2.0	24.051921860170832	25.9434175441768	25.952597505310255	24.052063090342116	0.0
3.0	24.137789804311474	25.904861707416277	26.035217155511365	23.92213133276088	0.0
4.0	24.106295476115154	25.95895286301803	25.953021195824107	23.98173046504271	0.0
5.0	24.11547543724861	25.764055226646178	26.085495096488454	24.03497423961676	0.0
6.0	24.050227098115425	25.840460749310797	26.103148867898945	24.00616328467483	0.0
7.0	24.07183531432187	25.876615673159485	26.01417385999006	24.037375152528583	0.0
8.0	24.11448682604962	25.825349120983415	26.027590726262034	24.03257332670493	0.0
9.0	24.106436706286438	25.92858837619198	26.055977990690103	23.90899692683147	0.0
10.0	24.186655443575724	25.81913499344692	25.987905048131243	24.006304514846118	0.0
11.0	24.0486735662313	25.93296651150179	25.99637885840828	24.021981063858636	0.0
12.0	24.108131468341846	25.855572377638183	25.99030596104307	24.04599019297691	0.0
13.0	24.02070999231708	25.82958602612193	26.0243424323225	24.125361549238487	0.0
14.0	24.064208885072535	25.886784245491935	26.03818298910833	24.0108238803272	0.0
15.0	24.105730555430018	25.87153138699327	25.918561034030823	24.104177023545894	0.0
16.0	24.187644054774708	25.924916391738602	25.957116870791342	23.930322682695348	0.0
17.0	24.17041397387807	25.77450625932119	26.081681881863787	23.973397884936958	0.0
18.0	23.98540244949609	25.926893614136574	26.120943869480723	23.966760066886607	0.0
19.0	24.235379852668686	25.82520789081213	25.949349211370727	23.99006304514846	0.0
20.0	24.07367130654856	26.02476612283635	26.002875446287344	23.898687124327743	0.0
21.0	24.133270438830387	25.989741040357934	25.96036516473087	23.91662335608081	0.0
22.0	24.13440028020066	25.88876146788991	25.994825326524158	23.982012925385277	0.0
23.0	24.058983368735028	25.965731911239665	26.03309870294211	23.942186017083202	0.0
24.0	24.056582455823204	25.951326433768703	26.004711438514033	23.987379671894065	0.0
25.0	24.048814796402585	25.947795679486603	26.02109413838297	23.982295385727845	0.0
26.0	24.116322818276316	25.974770642201833	25.963472228499118	23.94543431102273	0.0
27.0	24.144568852533105	25.91488904957744	25.953021195824107	23.987520902065352	0.0
28.0	24.06533872644281	25.88876146788991	26.02603719437791	24.019862611289376	0.0
29.0	24.0829924978533	25.91488904957744	26.03436977448366	23.967748678085595	0.0
30.0	24.144427622361817	25.94002802006598	25.94482984588964	23.97071451168256	0.0
31.0	24.076637140145525	25.895116825597686	26.01629231255932	24.011953721697473	0.0
32.0	24.135247661228362	25.976889094771096	26.054565688977267	23.833297555023275	0.0
33.0	24.10968500022597	26.03098025037285	25.884383332580107	23.974951416821078	0.0
34.0	24.08369864870972	25.908110001355812	26.001180684231933	24.007010665702534	0.0
35.0	24.124655398382068	25.846816107018572	26.055977990690103	23.97255050390925	0.0
36.0	24.149088218014192	25.93522619424233	25.984374293849143	23.931311293894336	0.0
37.0	24.06547995661409	25.88339472138112	26.023212590952234	24.027912731052563	0.0
38.0	24.110673611424957	25.9134767478646	25.964884530211958	24.010965110498486	0.0
39.0	24.128892303520587	25.982255841279883	25.986916436932255	23.901935418267275	0.0
40.0	24.02183983368735	25.979431237854207	25.979431237854207	24.019297690604237	0.0
41.0	24.125220319067203	25.913335517693316	26.008665883309984	23.952778279929497	0.0
42.0	24.183407149636192	25.92308039951191	26.013044018619784	23.880468432232117	0.0
43.0	24.07367130654856	25.89808265919465	26.055130609662402	23.973115424594386	0.0
44.0	24.083557418538437	26.027025805576898	25.9821146111086	23.907302164776066	0.0
45.0	24.108555158855697	25.90881615221223	25.943982464861932	24.03864622407014	0.0
46.0	23.958851177294708	25.883959642066255	26.12673430650337	24.03045487413567	0.0
47.0	24.117452659646585	25.90740385049939	26.05753152257423	23.917611967279797	0.0
48.0	24.063785194558683	25.93734464681159	25.987057667103542	24.01181249152619	0.0
49.0	24.047684955032313	25.947654449315316	26.11261128937497	23.8920493062774	0.0
50.0	24.13623627242735	25.896952817824374	25.94751321914403	24.019297690604237	0.0
51.0	24.006304514846118	25.90020111176391	26.05696660188909	24.036527771500882	0.0
52.0	24.146263614588513	25.91912595471596	25.913617978035887	24.020992452659645	0.0
53.0	23.95673272472545	25.982538301622455	26.03719437790934	24.023534595742756	0.0
54.0	24.141461788764857	25.974064491345416	25.89878881005107	23.98568490983866	0.0
55.0	24.05008586794414	25.98493921453428	25.970110046549465	23.994864870972116	0.0
56.0	24.016614317349845	26.013326478962355	25.944547385547068	24.025511818140732	0.0
57.0	24.00686943553125	25.982538301622455	25.98762258778867	24.022969675057624	0.0
58.0	24.10615424594387	25.975476793058256	25.936779726126453	23.98158923487142	0.0
59.0	24.00277376056402	25.973782031002845	26.02970917883129	23.993735029601844	0.0
60.0	24.0108238803272	25.92195055814164	25.967002982781217	24.100222578749943	0.0
61.0	24.06223166267456	25.95203258462512	25.992283183441046	23.993452569259276	0.0
62.0	24.00178514936503	26.028720567632302	25.97307588014643	23.99641840285624	0.0
63.0	24.025511818140732	25.93607357527003	25.939039408866993	24.09937519772224	0.0
64.0	24.003621141591722	25.908110001355812	26.000474533375513	24.087794323676956	0.0
65.0	24.029607493107967	25.922233018484203	26.02575473403534	24.022404754372488	0.0
66.0	24.021698603516068	25.89271591268586	25.99115334207077	24.0944321417273	0.0
67.0	23.98173046504271	25.909804763411216	26.043832195959688	24.064632575586387	0.0
68.0	24.059971979934016	25.952456275138967	25.957116870791342	24.03045487413567	0.0
69.0	24.00884665792923	25.99171826275591	25.998497310977537	24.000937768337323	0.0
70.0	23.964076693632215	26.013326478962355	25.96163623627243	24.060960591133004	0.0
71.0	24.03568039047318	25.99722623943598	25.978725086997784	23.988368283093052	0.0
72.0	23.99401748994441	25.945394766574776	26.002028065259637	24.05855967822118	0.0
73.0	23.950094906675105	25.962624847471417	26.064169340624577	24.023110905228904	0.0
74.0	23.980176933158585	26.06190965788403	25.991859492927194	23.966053916030187	0.0
75.0	24.03892868441271	26.103996248926652	25.921385637456503	23.93568942920414	0.0
76.0	24.087794323676956	25.92887083653455	25.944547385547068	24.038787454241426	0.0
77.0	23.997265783883943	25.941864012292676	26.022223979753246	24.03864622407014	0.0
78.0	24.01534324580829	25.964743300040677	26.001886835088357	24.01802661906268	0.0
79.0	23.999807926967055	25.908251231527096	25.96431960952682	24.12762123197903	0.0
80.0	24.04118836715325	25.99595516789443	26.038747909793464	23.924108555158856	0.0
81.0	23.92778053961224	26.020105527183983	26.043832195959688	24.00828173724409	0.0
82.0	24.036669001672166	25.950479052740995	25.99524901703801	24.017602928548833	0.0
83.0	24.014072174266733	25.945959687259908	26.020811678040403	24.019156460432956	0.0
84.0	24.030878564649523	26.015727391874183	25.967991593980205	23.98540244949609	0.0
85.0	24.049238486916437	25.871107696479413	26.015727391874183	24.063926424729967	0.0
86.0	23.995994712342387	25.986492746418406	25.964884530211958	24.052628011027252	0.0
87.0	24.016331857007277	25.99426040583902	25.93028313824739	24.059124598906315	0.0
88.0	23.972691734080534	25.984374293849143	25.95400980702309	24.088924165047228	0.0
89.0	24.03610408098703	25.96869774483663	26.007677272110996	23.987520902065352	0.0
90.0	24.05446400325394	25.985927825733267	25.97703032494238	23.982577846070413	0.0
91.0	24.181429927238216	26.00005084286166	25.896246666967958	23.922272562932164	0.0
92.0	24.003903601934287	26.03790052876576	25.97844262665522	23.979753242644733	0.0
93.0	23.97678740904777	26.084506485289467	25.9434175441768	23.995288561485967	0.0
94.0	24.017744158720117	26.012479097934648	25.93593234509875	24.033844398246487	0.0
95.0	24.005598363989698	25.98041984905319	26.049763863153615	23.9642179238035	0.0
96.0	24.01802661906268	26.000192073032945	25.964037149184254	24.017744158720117	0.0
97.0	24.011671261354905	25.973782031002845	25.959517783703166	24.05502892393908	0.0
98.0	23.94458692999503	25.993271794640034	25.976889094771096	24.085252180593844	0.0
99.0	24.03469177927419	25.99242441361233	25.9064152393004	24.06646856781308	0.0
100.0	23.982295385727845	25.99877977132011	25.973358340488993	24.045566502463053	0.0
101.0	24.029607493107967	26.047080489899216	25.878169205043612	24.0451428119492	0.0
102.0	23.96492407465992	26.04849279161206	25.983385682650155	24.003197451077867	0.0
103.0	24.072400235007006	26.040160211506304	25.906980159985537	23.980459393501153	0.0
104.0	23.982577846070413	26.0393128304786	25.936214805441317	24.04189451800967	0.0
105.0	23.978482171103177	26.034793464997513	25.910228453925072	24.07649590997424	0.0
106.0	24.043871740407646	25.999485922176525	25.98776381795996	23.96887851945587	0.0
107.0	23.993170108916708	26.012479097934648	25.964743300040677	24.029607493107967	0.0
108.0	23.968454828942015	26.034087314141097	26.027308265919462	23.970149590997426	0.0
109.0	24.06194920233199	25.98041984905319	26.028720567632302	23.92891038098251	0.0
110.0	24.0249468974556	26.06713517422154	25.944264925204504	23.963653003118363	0.0
111.0	23.940208794685226	26.00132191440322	25.971239887919733	24.08722940299182	0.0
112.0	23.971420662538982	26.036911917566773	25.934802503728477	24.05686491616577	0.0
113.0	23.950236136846385	25.986210286075835	25.970392506892033	24.093161070185744	0.0
114.0	24.024240746599176	26.011631716906948	25.851476702670944	24.112650833822933	0.0
115.0	23.930040222352783	26.11783680571248	25.88523071360781	24.06689225832693	0.0
116.0	24.00856419758666	25.97180480860487	26.03083902020156	23.988791973606904	0.0
117.0	24.097256745152983	25.928729606363266	25.916442581461563	24.05757106702219	0.0
118.0	23.944445699823742	26.014880010846475	25.90373186604601	24.136942423283774	0.0
119.0	23.97721109956162	26.092274144710082	25.942711393320376	23.987803362407917	0.0
120.0	23.993735029601844	26.090296922312106	25.92067948660008	23.995288561485967	0.0
121.0	24.042318208523522	25.96728544312378	25.946807068287615	24.043589280065078	0.0
122.0	24.084546029737425	25.981549690423467	25.8835359515524	24.05036832828671	0.0
123.0	23.96563022551634	25.993130564468746	25.974488181859268	24.066751028155647	0.0
124.0	23.975092646992362	26.031968861571837	25.93734464681159	24.055593844624216	0.0
125.0	24.00277376056402	26.061627197541466	25.934096352872054	24.001502689022463	0.0
126.0	24.032290866362363	26.028720567632302	25.85613729832332	24.082851267682017	0.0
127.0	23.971561892710262	26.000474533375513	25.862492656031094	24.165470917883127	0.0
128.0	23.944163239481178	26.085353866317167	25.940734170922404	24.02974872327925	0.0
129.0	23.889789623536856	26.07673882586885	25.895116825597686	24.13835472499661	0.0
130.0	24.04895602657387	25.949349211370727	25.904579247073713	24.097115514981695	0.0
131.0	24.023393365571476	26.01784584444344	25.89539928594025	24.063361504044835	0.0
132.0	24.006022054503546	25.92816468567813	25.925198852081166	24.140614407737154	0.0
133.0	23.91393998282641	26.018410765128575	25.89087992045917	24.176769331585845	0.0
134.0	23.987097211551497	25.991294572242058	25.914465359063588	24.107142857142858	0.0
135.0	24.01251864238261	26.009795724680256	25.843567813079044	24.13411781985809	0.0
136.0	24.054887693767796	25.944264925204504	25.92195055814164	24.07889682288607	0.0
137.0	24.042459438694806	26.119531567767883	25.89780019885208	23.940208794685226	0.0
138.0	24.004468522619423	25.93508496407104	25.90062480227776	24.15982171103177	0.0
139.0	23.95291951010078	26.088037239571566	25.987340127446107	23.971703122881546	0.0
140.0	24.085534640936412	26.054141998463415	25.70954038053057	24.1507829800696	0.0
141.0	24.019156460432956	26.018269534957295	25.94214647263524	24.020427531974512	0.0
142.0	23.95673272472545	26.0428435847607	25.873226149048673	24.12719754146518	0.0
143.0	24.09824535635197	26.025895964206626	25.848510869073984	24.027347810367424	0.0
144.0	23.970432051339994	25.924351471053463	26.007394811768425	24.097821665838115	0.0
145.0	23.967466217743027	25.994119175667734	25.976465404257244	24.06194920233199	0.0
146.0	23.9642179238035	26.08563632665974	25.77831947394586	24.171826275590906	0.0
147.0	23.969443440141006	25.98776381795996	25.89921250056492	24.143580241334117	0.0
148.0	23.984837528810953	26.036064536539072	25.870825236136845	24.10827269851313	0.0
149.0	24.026924119853575	26.03719437790934	25.84201428119492	24.093867221042164	0.0
