# Position (bp)	A	C	G	T	N
0.0	24.067568367050843	25.871861257215624	26.039767973202537	24.020802402530997	0.0
1.0	24.16124115742945	25.83171577562479	26.0069472812353	24.000095785710464	0.0
2.0	24.152648615755623	25.819601700478085	26.063573539479208	23.964176144287087	0.0
3.0	24.112080550148047	25.836927645164653	26.059206837972837	23.991784966714466	0.0
4.0	24.17673590471012	25.83791367453706	26.041176586591693	23.944173834161127	0.0
5.0	24.08080933290887	25.9170777470074	25.99919990759496	24.002913012488765	0.0
6.0	24.227727709397424	25.913556213534523	25.862141824830477	23.996574252237583	0.0
7.0	24.144337796759626	25.826644767423844	25.993283731360524	24.035733704456007	0.0
8.0	24.099966475001338	25.911865877467537	25.969759887761683	24.01840775976944	0.0
9.0	24.174200400609646	25.85101377905617	25.985536357720186	23.989249462613994	0.0
10.0	24.09207824002209	25.763116303573092	26.10456418910353	24.040241267301294	0.0
11.0	24.03855093123431	25.91087984809513	26.064559568851614	23.986009651818943	0.0
12.0	24.133491473663156	25.90524539453852	25.9634211275105	23.99784200428782	0.0
13.0	24.159832544040295	25.9458134601461	25.965674908933146	23.928679086880457	0.0
14.0	24.082781391653686	25.911584154789708	26.023991503244037	23.98164295031257	0.0
15.0	24.154057229144772	25.952433943075114	26.024414087260784	23.86909474051933	0.0
16.0	24.05968013207159	25.825095292695778	26.11343845345519	24.001786121777442	0.0
17.0	24.1246172093115	25.798613360979715	26.056812195211275	24.019957234497504	0.0
18.0	24.078132967469482	25.85692995529061	26.046951901487216	24.017985175752692	0.0
19.0	24.1116579661313	25.87481934533284	25.973704005251307	24.039818683284548	0.0
20.0	24.085739479770904	25.810727436126424	26.070475745086053	24.03305733901662	0.0
21.0	24.134477503035562	25.922853061902924	25.999622491611706	23.943046943449804	0.0
22.0	24.169974560442192	25.824250124662285	26.021596860482475	23.984178454413044	0.0
23.0	24.011505554162593	26.016384990942615	25.998213878222554	23.973895576672234	0.0
24.0	24.10813643265842	25.951729636380538	25.902991613115883	24.03714231784516	0.0
25.0	24.141097985964578	25.915669133618245	25.973422282573484	23.969810597843694	0.0
26.0	24.067004921695183	25.929614406170852	26.041035725252776	23.96234494688119	0.0
27.0	24.136731284458204	25.9458134601461	25.923698229936416	23.993757025459278	0.0
28.0	24.10686868060818	25.945672598807185	25.953842556464267	23.99361616412036	0.0
29.0	24.10376973115205	25.9235573685975	26.043712090692168	23.928960809558287	0.0
30.0	24.081231916925617	25.89623026884795	26.080617761487947	23.941920052738485	0.0
31.0	24.03855093123431	25.90524539453852	26.050332573621176	24.005871100605987	0.0
32.0	24.04446710746875	25.9541242791421	26.012581734791908	23.988826878597248	0.0
33.0	24.085739479770904	25.941165035961898	25.985818080398015	23.98727740386918	0.0
34.0	24.03122614161072	25.916936885668484	26.091464084584416	23.960372888136376	0.0
35.0	23.98868601725833	25.975112618640463	26.042726061319758	23.993475302781448	0.0
36.0	23.979248307551014	25.953560833786437	26.012863457469738	24.05432740119281	0.0
37.0	24.082217946298023	25.93116388089892	26.106817970526176	23.879800202276883	0.0
38.0	24.210401764710852	25.86538163562552	25.864536467592032	24.05968013207159	0.0
39.0	24.143492628726136	25.892004428680494	26.03286576759569	23.931637174997675	0.0
40.0	24.071089900523724	25.893413042069646	25.998073016883637	24.03742404052299	0.0
41.0	24.079400719519718	25.955251169853423	26.004552638473736	23.96079547215312	0.0
42.0	24.011505554162593	25.84509760282173	26.0913232232455	24.05207361977017	0.0
43.0	23.976853664789456	26.025259255294277	25.98835358449849	24.00953349541778	0.0
44.0	24.10222025642398	25.959899594037623	25.947362934874167	23.990517214664226	0.0
45.0	24.07390712730203	25.958350119309554	25.958631841987383	24.009110911401034	0.0
46.0	24.065737169644947	25.938206947844684	26.015539822909123	23.98051605960125	0.0
47.0	24.041931603368276	25.906372285249844	25.998073016883637	24.05362309449824	0.0
48.0	24.069822148473484	25.90651314658876	26.053572384416228	23.970092320521523	0.0
49.0	24.06883611910108	25.942432788012137	25.949194132280066	24.039536960606718	0.0
50.0	24.05094672905885	25.970745917134092	26.085829631027806	23.89247772277925	0.0
51.0	24.105882651235778	25.891440983324838	25.921585309852684	24.0810910555867	0.0
52.0	23.974740744705727	25.966379215627722	25.972999698556738	24.08588034110982	0.0
53.0	24.040382128640207	25.970745917134092	25.96961902642277	24.019252927802928	0.0
54.0	24.010519524790187	25.941305897300815	26.012581734791908	24.035592843117094	0.0
55.0	24.137858175169526	25.91087984809513	25.979197597469007	23.97206437926634	0.0
56.0	24.051651035753423	25.93877039320034	25.98046534951924	24.029113221526995	0.0
57.0	24.075456602030094	25.97116850115084	25.962998543493754	23.990376353325313	0.0
58.0	24.07404798864094	25.99243856332703	26.020469969771153	23.91304347826087	0.0
59.0	24.057003766632203	25.9810287948749	25.974690034623716	23.98727740386918	0.0
60.0	24.131096830901598	25.952997388430777	25.978070706757684	23.937835073909945	0.0
61.0	24.048129502280545	26.04526156542023	26.01723015897611	23.889378773323116	0.0
62.0	24.036719733828413	25.94412312407912	25.983846021653207	24.03531112043926	0.0
63.0	24.063342526883385	25.92848751545953	26.007933310607704	24.000236647049377	0.0
64.0	24.105319205880114	25.978634152113344	25.969196442406023	23.946850199600515	0.0
65.0	23.990235491986397	25.987931000481744	26.0004676596452	24.02136584788666	0.0
66.0	24.067427505711926	25.892004428680494	26.003425747762414	24.03714231784516	0.0
67.0	24.000659231066123	25.95158877504162	26.021315137804645	24.026436856087603	0.0
68.0	24.029958389560484	25.91482396558476	26.03230232224003	24.022915322614725	0.0
69.0	23.946850199600515	25.959617871359793	25.948912409602237	24.14461951943746	0.0
70.0	24.017703453074862	26.076955366676152	26.020047385754413	23.885293794494576	0.0
71.0	24.07292109792962	25.970605055795176	25.90933037336707	24.04714347290814	0.0
72.0	23.979530030228844	26.010750537386006	25.98807186182066	24.02164757056449	0.0
73.0	24.073484543285282	25.989480475209813	25.966942660983385	23.970092320521523	0.0
74.0	23.971923517927422	26.004693499812653	25.980887933535985	24.042495048723936	0.0
75.0	24.031085280271807	25.933840246338306	25.941165035961898	24.093909437427985	0.0
76.0	23.996151668220836	25.972999698556738	25.954265140481013	24.076583492741417	0.0
77.0	23.958259968052648	25.950321022991385	26.06554559822402	24.025873410731943	0.0
78.0	24.100107336340255	26.019061356382007	25.941305897300815	23.939525409976927	0.0
79.0	23.953893266546277	26.06202406475114	25.99018478190439	23.993897886798194	0.0
80.0	24.06897698043999	25.93877039320034	25.957082367259314	24.035170259100347	0.0
81.0	24.176031598015545	25.922712200564007	25.94144675863973	23.959809442780717	0.0
82.0	24.044607968807664	25.96187165278244	25.956800644581485	24.036719733828413	0.0
83.0	24.006575407300563	25.96088562341003	25.928064931442783	24.104474037846625	0.0
84.0	24.001504399099613	25.825658738051438	26.07427900123676	24.098557861612186	0.0
85.0	23.977135387467285	25.897638882237107	26.0468110401483	24.078414690147312	0.0
86.0	23.984741899768704	25.96863299705036	26.01568068424804	24.03094441893289	0.0
87.0	23.916424150394835	26.07850484140422	25.94609518282393	24.058975825377015	0.0
88.0	24.02883149884916	25.967787829016874	25.949616716296813	24.053763955837155	0.0
89.0	23.94727278361726	26.05019171228226	25.914964826923676	24.0875706771768	0.0
90.0	23.95558360261326	26.060474590023077	26.02948509546173	23.95445671190194	0.0
91.0	24.01544967165222	25.945109153451522	25.985113773703443	24.05432740119281	0.0
92.0	24.024464797342794	26.06371440081812	25.911865877467537	23.999954924371547	0.0
93.0	24.002772151149852	26.0004676596452	25.92383909127533	24.07292109792962	0.0
94.0	23.969528875165864	25.961449068765692	25.964407156882906	24.10461489918554	0.0
95.0	24.027282024121096	25.974126589268053	25.97285883721782	24.025732549393027	0.0
96.0	24.102501979101813	25.98638152575368	25.924684259308822	23.98643223583569	0.0
97.0	24.03531112043926	25.965674908933146	26.0421626159641	23.956851354663495	0.0
98.0	24.05432740119281	25.98666324843151	25.9170777470074	24.041931603368276	0.0
99.0	24.067568367050843	25.964829740899653	25.916936885668484	24.05066500638102	0.0
100.0	23.937835073909945	25.96666093830555	26.004130054456994	24.09137393332751	0.0
101.0	24.06897698043999	25.99638268081666	25.896511991525784	24.038128347217565	0.0
102.0	24.058694102699185	25.973281421234567	25.947503796213084	24.020520679853167	0.0
103.0	23.955020157257596	26.02976681813956	25.91144329345079	24.10376973115205	0.0
104.0	23.983615009057385	25.98525463504236	25.920599280480282	24.110531075419978	0.0
105.0	24.080668471569954	26.023709780566207	25.877073126755484	24.018548621108355	0.0
106.0	23.95234379181821	25.990607365921136	26.014131209519974	24.042917632740682	0.0
107.0	23.878532450226647	26.076532782659406	25.91919066709113	24.12574410002282	0.0
108.0	24.06968128713457	25.933417662321563	25.843688989432582	24.153212061111283	0.0
109.0	23.96079547215312	26.00300316374567	25.985958941736932	24.050242422364274	0.0
110.0	24.003899041861175	25.987931000481744	25.960181316715452	24.047988640941632	0.0
111.0	24.004039903200088	26.008496755963368	25.987367555126085	24.000095785710464	0.0
112.0	23.974599883366814	25.98680410977042	25.899470079643	24.139125927219762	0.0
113.0	23.946850199600515	25.949334993618983	26.001312827678692	24.102501979101813	0.0
114.0	23.896985285624535	26.06230578742897	25.958209257970637	24.082499668975853	0.0
115.0	23.9884042945805	26.046106733453723	25.885947391107145	24.079541580858635	0.0
116.0	24.02009809583642	26.03878194383013	25.853690144495562	24.087429815837886	0.0
117.0	23.979530030228844	26.056671333872362	25.859465459391085	24.10433317650771	0.0
118.0	23.960936333492036	26.01427207085889	25.928769238137363	24.09602235751171	0.0
119.0	23.918396209139647	26.06470043019053	26.0115957054195	24.005307655250324	0.0
120.0	24.051932758431256	25.966097492949892	25.94031986792841	24.041649880690446	0.0
121.0	23.991503244036636	25.96215337546026	25.970605055795176	24.075738324707924	0.0
122.0	24.004885071233577	25.98680410977042	25.83608247713116	24.172228341864834	0.0
123.0	23.958964274747224	26.00539780650723	25.927783208764954	24.10785470998059	0.0
124.0	23.959245997425054	26.005538667846146	25.92383909127533	24.11137624345347	0.0
125.0	23.944173834161127	26.072025219814122	25.915669133618245	24.068131812406506	0.0
126.0	23.905014381942703	26.055262720483213	25.954828585836676	24.08489431173741	0.0
127.0	24.042776771401766	26.068503686341238	25.882989302989923	24.00573023926707	0.0
128.0	23.976290219433793	25.977366400063108	25.9652523249164	24.0810910555867	0.0
129.0	23.96375356027034	25.979620181485746	25.95285652709186	24.10376973115205	0.0
130.0	24.0031947351666	25.956378060564738	25.927783208764954	24.112643995503706	0.0
131.0	23.9291016708972	25.89693457554253	25.99131167261571	24.18265208094456	0.0
132.0	23.948963119684244	26.04737448550396	25.93102301956001	24.07263937525179	0.0
133.0	24.022633599936892	25.986944971109338	25.94031986792841	24.050101561025357	0.0
134.0	24.013055028890662	26.001735411695435	25.920317557802452	24.064892001611454	0.0
135.0	23.92064999056229	26.068503686341238	25.923134784580753	24.087711538515716	0.0
136.0	23.843176254158934	26.013145180147568	25.906372285249844	24.237306280443658	0.0
137.0	24.03502939776143	26.043712090692168	25.917500331024147	24.003758180522258	0.0
138.0	24.0106603861291	26.04821965353745	25.826926490101677	24.114193470231772	0.0
139.0	24.073343681946366	25.970041610439516	25.910175541400555	24.046439166213563	0.0
140.0	23.96642992570973	26.036105578390746	25.936375750438785	24.061088745460744	0.0
141.0	24.061652190816403	25.971872807845415	25.897638882237107	24.06883611910108	0.0
142.0	24.019393789141844	26.017793604331768	25.908766928011406	24.054045678514985	0.0
143.0	24.051369313075593	25.999059046256047	25.85580306457929	24.09376857608907	0.0
144.0	23.94121574604391	26.073574694542184	25.88214413495643	24.103065424457473	0.0
145.0	24.027704608137842	26.03723246910207	25.832842666336113	24.10222025642398	0.0
146.0	23.9930527187647	25.945954321485015	25.91947238976896	24.141520569981324	0.0
147.0	23.967415955082135	26.03596471705183	25.8401674559597	24.15645187190633	0.0
148.0	23.969528875165864	26.04385295203108	25.827771658135163	24.158846514667893	0.0
149.0	24.021788431903403	25.969196442406023	25.866226803659014	24.142788322031556	0.0
