# Position (bp)	A	C	G	T	N
0.0	24.066460851083633	25.961816461203668	25.970278499793388	24.00144418791931	0.0
1.0	24.05616537079948	25.972676077393803	26.010896285024028	23.960262266782692	0.0
2.0	24.121464101916793	25.896235662133364	25.972111941487825	24.01018829446202	0.0
3.0	24.14445264008552	25.769587151240604	26.078733627718254	24.007226580955617	0.0
4.0	24.141067824649635	25.88001675483641	26.000459770763374	23.978455649750583	0.0
5.0	24.090013525158348	25.875503667588557	25.96844505809895	24.066037749154148	0.0
6.0	24.099039699654043	25.865772323210383	26.00948594525907	24.0257020318765	0.0
7.0	24.131477514247955	25.848989280007444	25.989177052643754	24.030356153100843	0.0
8.0	24.06843532675457	25.86943920659926	25.95420062647292	24.107924840173244	0.0
9.0	24.107642772220256	25.872824022035147	26.00624216379968	24.013291041944914	0.0
10.0	24.0526395213871	25.99933149895141	25.928673476727276	24.01935550293421	0.0
11.0	24.211725846873772	25.887773623543648	25.92528866129139	23.97521186829119	0.0
12.0	23.984379076763382	25.924865559361905	26.045167541312374	24.045587822562332	0.0
13.0	24.089449389252366	25.88650431775519	25.969291261957917	24.054755031034528	0.0
14.0	24.078730807038724	25.87902951700094	25.992843936032628	24.049395739927707	0.0
15.0	24.032189594795284	25.913159739312796	26.064348162115735	23.990302503776185	0.0
16.0	24.15770983387608	25.84391205685362	26.062796788374285	23.93558132089602	0.0
17.0	24.05531916694051	25.884247774131264	26.04530857528887	24.01512448363935	0.0
18.0	24.117515150574924	25.89186360886201	25.984663965395903	24.005957275167162	0.0
19.0	24.204956216001996	25.897928069851307	26.010050081165055	23.887065632981642	0.0
20.0	24.143465402250055	25.897081865992337	25.94503341800073	24.01441931375688	0.0
21.0	24.064627409389196	26.01625557613085	25.9279683068448	23.99114870763516	0.0
22.0	24.04897263799822	25.827270047627177	26.0446034054064	24.07915390896821	0.0
23.0	24.09311627264124	25.824872470026754	25.930788986374708	24.151222270957295	0.0
24.0	24.09170593287629	25.907518380252988	26.054193715808076	23.94658197106265	0.0
25.0	24.061947763835786	25.964637140733576	26.023730376885094	23.949684718545544	0.0
26.0	24.055037098987516	25.889042929332106	26.051796138207656	24.004123833472722	0.0
27.0	24.052357453434105	25.92472452538541	26.078310525788766	23.944607495391715	0.0
28.0	24.06716602096611	25.90808251615897	26.0383979104406	23.986353552434316	0.0
29.0	24.082256656451108	25.863374745609963	26.005254925964216	24.049113671974716	0.0
30.0	24.02471479404103	25.964637140733576	25.955046830331895	24.055601234893498	0.0
31.0	24.053344691269572	25.956739238049835	26.008780775376593	23.981135295303993	0.0
32.0	24.07548702557933	25.976907096688663	25.976060892829693	23.971544984902312	0.0
33.0	24.09946280158353	25.939815160870406	25.894402220438927	24.06631981710714	0.0
34.0	24.00511107130819	26.012729726718465	26.026692090391496	23.955467111581854	0.0
35.0	24.013714143874402	26.035295162957706	25.928532442750786	24.02245825041711	0.0
36.0	24.138952315002207	25.931212088304196	25.956739238049835	23.97309635864376	0.0
37.0	24.083102860310078	25.988471882761278	25.953213388637458	23.97521186829119	0.0
38.0	24.116104810809972	25.913441807265787	25.984663965395903	23.985789416528334	0.0
39.0	24.127951664835575	25.88763258956715	25.9938311738681	23.990584571729176	0.0
40.0	23.994815591024032	26.019217289637247	26.011460420930003	23.974506698408714	0.0
41.0	24.054190895128546	25.967598854239977	25.91724972463116	24.06096052600032	0.0
42.0	24.050665045716162	25.960406121438716	25.99397220784459	23.99495662500053	0.0
43.0	24.06871739470756	25.993267037962113	25.90497976867607	24.033035798654254	0.0
44.0	24.080564248733165	25.95998301950923	26.035154128981215	23.924298602776396	0.0
45.0	24.068576360731065	25.859989930174077	26.015268338295378	24.05616537079948	0.0
46.0	24.112719995374086	25.957444407932318	25.984804999372397	23.9450305973212	0.0
47.0	24.142055062485106	25.99820322713945	25.96534231061605	23.894399399759397	0.0
48.0	24.07252531207293	25.926134865150363	26.00920387730608	23.992135945470626	0.0
49.0	24.048831604021725	26.01315282864795	25.9429179083533	23.995097658977024	0.0
50.0	24.04488265267986	25.974650553064738	25.93967412689391	24.040792667361494	0.0
51.0	24.111450689585627	25.95307235466096	25.9698553978639	23.96562155788951	0.0
52.0	24.01315000796842	26.071822962869984	25.927122102985827	23.987904926175766	0.0
53.0	24.032048560818787	25.925993831173866	26.041641691899997	24.000315916107347	0.0
54.0	24.11356619923306	25.965483344592542	26.000741838716362	23.920208617458034	0.0
55.0	24.083808030192554	25.963508868921615	25.955328898284886	23.99735420260095	0.0
56.0	24.028522711406406	25.934737937716573	26.015691440224863	24.021047910652154	0.0
57.0	24.08959042322886	26.035859298863688	25.939533092917415	23.935017184990038	0.0
58.0	24.16067154738248	25.950110641154563	25.94334101028279	23.945876801180173	0.0
59.0	24.07675633136779	25.956034068167362	26.0474240849363	23.919785515528545	0.0
60.0	24.111873791515116	25.84856617807796	26.09340116127376	23.946158869133164	0.0
61.0	24.054190895128546	25.92049350609055	26.014563168412902	24.010752430367997	0.0
62.0	23.982122533139457	25.917672826560644	25.99636978544501	24.103834854854885	0.0
63.0	23.937132694637462	25.992702902056138	25.985792237207868	24.084372166098536	0.0
64.0	24.024573760064538	25.973381247276283	26.01315282864795	23.988892164011233	0.0
65.0	24.069563598566532	25.966611616404506	26.006383197776177	23.957441587252784	0.0
66.0	24.083808030192554	25.9429179083533	26.045872711194857	23.92740135025929	0.0
67.0	24.137683009213752	25.840668275394226	26.0654764339277	23.956172281464326	0.0
68.0	24.068153258801576	25.99227980012665	25.90230012312266	24.037266817949114	0.0
69.0	24.14445264008552	25.96703471833399	25.94757202957765	23.940940612002837	0.0
70.0	23.98028909144502	26.017665915895797	25.976342960782684	24.0257020318765	0.0
71.0	24.087051811651943	25.94982857320157	25.973240213299785	23.989879401846697	0.0
72.0	24.110604485726654	25.802730135716995	26.044885473359386	24.04177990519696	0.0
73.0	24.114553437068526	25.90145391926369	26.048270288795273	23.935722354872514	0.0
74.0	24.062935001671253	25.90822355013546	25.992984970009125	24.035856478184158	0.0
75.0	24.049959875833686	25.984804999372397	25.956457170096847	24.008777954697067	0.0
76.0	24.102001413160444	25.919506268255088	25.962239563133156	24.016252755451315	0.0
77.0	24.084654234051524	26.0383979104406	25.963931970851096	23.913015884656772	0.0
78.0	24.057575710564432	25.916826622701677	25.9996135669044	24.02598409982949	0.0
79.0	24.000456950083844	25.986356373113846	25.996228751468514	24.01695792533379	0.0
80.0	24.04177990519696	25.95589303419087	26.042769963711958	23.959557096900213	0.0
81.0	24.06928153061354	25.95998301950923	25.99651081942151	23.974224630455723	0.0
82.0	24.00807278481459	25.965060242663057	25.984663965395903	24.042203007126446	0.0
83.0	24.099744869536522	25.966611616404506	25.878042279165474	24.055601234893498	0.0
84.0	23.970839815019836	26.070271589128534	25.991574630244173	23.967313965607453	0.0
85.0	24.05884501635289	26.03035897378037	25.90963388990042	24.00116211996632	0.0
86.0	24.13415715980137	25.89426118646243	25.93530207362256	24.036279580113646	0.0
87.0	24.077743569203257	25.963085766992126	25.92923761263326	24.029933051171355	0.0
88.0	24.000315916107347	25.951803048872502	26.043898235523923	24.003982799496228	0.0
89.0	24.01512448363935	25.97253504341731	25.938263787128957	24.07407668581438	0.0
90.0	23.981981499162963	26.043334099617937	25.956880272026332	24.01780412919276	0.0
91.0	23.95377470386391	26.02006349349622	26.033602755239766	23.992559047400107	0.0
92.0	24.03077925503033	25.98254845574847	25.91978833620808	24.06688395301312	0.0
93.0	23.99227697944712	25.96167542722717	25.92416038947943	24.121887203846278	0.0
94.0	24.029509949241874	26.03176931354533	25.91837799644312	24.020342740769678	0.0
95.0	24.036279580113646	25.9697143638874	25.952931320684463	24.041074735314485	0.0
96.0	24.061101559976812	25.984522931419406	25.896517730086355	24.057857778517423	0.0
97.0	24.06420430745971	25.889466031261595	25.996792887374497	24.0495367739042	0.0
98.0	24.001303153942814	26.01625557613085	25.96957332991091	24.01286794001543	0.0
99.0	24.05193435150462	25.969009194004926	25.95434166044942	24.02471479404103	0.0
100.0	24.047703332209764	25.941225500635355	25.923314185620455	24.087756981534422	0.0
101.0	24.02203514848762	25.95420062647292	25.983535693583942	24.04022853145551	0.0
102.0	23.972955324667268	26.071540894916996	25.971547805581842	23.983955974833897	0.0
103.0	23.94446646141522	26.004126654152255	25.976483994759175	24.07492288967335	0.0
104.0	24.0286637453829	26.0385389444171	25.8384117317703	24.0943855784297	0.0
105.0	23.93346581124859	26.019499357590238	25.946443757765685	24.100591073395492	0.0
106.0	23.95306953398143	25.975919858853196	26.021896935190657	24.049113671974716	0.0
107.0	24.01794516316926	25.925570729244384	26.061104380656342	23.995379726930015	0.0
108.0	23.962518810406618	25.948418233436616	26.037833774534626	24.051229181622144	0.0
109.0	23.947287140945125	26.005395959940707	26.029653803897894	24.017663095216268	0.0
110.0	23.938402000425924	25.98409982948992	25.918801098372608	24.158697071711547	0.0
111.0	23.968583271395914	25.9938311738681	25.985510169254876	24.052075385481118	0.0
112.0	24.020765842699166	25.900325647451726	26.014986270342387	24.06392223950672	0.0
113.0	23.875500846909027	26.01667867806033	26.005254925964216	24.102565549066426	0.0
114.0	23.992982149329595	25.930224850468726	25.995382547609548	24.081410452592134	0.0
115.0	24.012585872062438	25.91273663738331	26.013857998530426	24.060819492023825	0.0
116.0	24.08747491358143	26.055039919667045	25.914288011124757	23.943197155626763	0.0
117.0	24.05616537079948	26.006947333682156	25.934737937716573	24.002149357801787	0.0
118.0	23.958287791111758	26.067591943575124	25.863092677656972	24.111027587656142	0.0
119.0	23.935017184990038	26.01893522168426	25.913864909195272	24.132182684130434	0.0
120.0	23.983532872904412	26.028525532085933	25.934737937716573	24.05320365729308	0.0
121.0	24.023445488252577	25.98692050901983	25.959559917579746	24.030074085147852	0.0
122.0	24.01131656627398	25.97704813066516	25.942212738470825	24.069422564590035	0.0
123.0	24.050665045716162	25.981561217913008	25.896235662133364	24.071538074237463	0.0
124.0	24.111450689585627	25.98945912059674	25.90808251615897	23.99100767365866	0.0
125.0	23.945876801180173	25.95166201489601	25.971547805581842	24.130913378341976	0.0
126.0	23.94644093708615	26.021050731331684	26.006947333682156	24.0255609979	0.0
127.0	24.004970037331695	25.957585441908808	25.905684938558547	24.13175958220095	0.0
128.0	24.059691220211864	25.94150756858835	25.918519030419617	24.08028218078017	0.0
129.0	23.948697480710077	26.04530857528887	25.956739238049835	24.049254705951213	0.0
130.0	24.00750864890861	25.983112591654457	25.83954000358226	24.169838755854673	0.0
131.0	23.9928411153531	26.041923759852985	25.865208187304408	24.10002693748951	0.0
132.0	24.030497187077337	25.86478508537492	25.964637140733576	24.140080586814168	0.0
133.0	23.896514909406825	26.01075525104753	25.969996431840393	24.122733407705248	0.0
134.0	24.01441931375688	25.92839140877429	25.931494156257184	24.125695121211653	0.0
135.0	24.05644743875247	25.938968957011433	25.889466031261595	24.115117572974505	0.0
136.0	23.976481174079648	25.94446928209475	25.925852797197376	24.15319674662823	0.0
137.0	24.038818191690563	26.004408722105243	25.915839384866207	24.040933701337988	0.0
138.0	23.940517510073352	26.071258826964005	25.91132629761836	24.076897365344287	0.0
139.0	23.953633669887413	25.940943432682367	25.976483994759175	24.12893890267104	0.0
140.0	23.965903625842504	26.034872061028224	25.831077964992545	24.16814634813673	0.0
141.0	24.009483124579543	26.050244764466207	25.849835483866418	24.090436627087833	0.0
142.0	23.9719680868318	26.019640391566735	25.89186360886201	24.116527912739457	0.0
143.0	23.999892814177866	26.063078856327277	25.936571379411017	24.000456950083844	0.0
144.0	24.040510599408506	25.96294473301563	25.87479849770608	24.121746169869784	0.0
145.0	24.00835485276758	26.0444623714299	25.85787442052665	24.08930835527587	0.0
146.0	23.95518504362886	26.00483182403473	25.85759235257366	24.182390779762752	0.0
147.0	24.004970037331695	26.002716314387296	25.84377102287712	24.148542625403884	0.0
148.0	23.94122267995583	26.047706152889294	25.868310934787296	24.14276023236758	0.0
149.0	24.054472963081537	25.966047480498528	25.878042279165474	24.101437277254465	0.0
