# Position (bp)	A	C	G	T	N
0.0	24.08133515713431	25.871056896411286	26.035227071647853	24.01238087480655	0.0
1.0	24.10829894981645	25.89465021500816	26.005454550561325	23.991596284614065	0.0
2.0	24.14495285549373	25.823870259217546	26.027222195695344	24.003954689593378	0.0
3.0	24.107315894874915	25.802383486923965	26.04084452845663	24.04945608974449	0.0
4.0	24.072066353399826	25.881168318667093	25.990427853597843	24.056337474335244	0.0
5.0	24.14256543635	25.821201967233375	26.007420660444396	24.02881193597223	0.0
6.0	24.090463524448577	25.86529900318229	26.061207809388453	23.98302966298068	0.0
7.0	24.030075863754202	25.948858673212875	25.98958523507652	24.031480227956397	0.0
8.0	24.176831922883554	25.847323141394195	25.9533526386599	24.02249229706235	0.0
9.0	24.09214876149121	25.80561352458901	26.06822963039943	24.034008083520348	0.0
10.0	24.213766701401273	25.920069207067886	25.910238657652524	23.95592543387832	0.0
11.0	24.10029407386394	25.995062255465086	25.995062255465086	23.909581415205892	0.0
12.0	24.158153878994362	25.85490670808605	25.962761878814604	24.024177534104986	0.0
13.0	24.13217314125376	25.89450977858794	26.051939005653967	23.92137807450433	0.0
14.0	24.146076346855487	25.907991674929008	25.961919260293286	23.984012717922216	0.0
15.0	24.171495338915214	25.884398356332138	25.97217111896931	23.97193518578334	0.0
16.0	24.136105361019904	25.7398892799263	26.08634592860774	24.037659430446055	0.0
17.0	24.060550566941828	25.951948274457703	26.058258644563846	23.92924251403662	0.0
18.0	24.127117430125857	25.916277423721958	25.959391404729338	23.997213741422847	0.0
19.0	24.114478152306106	25.895492833529477	25.99281527274157	23.997213741422847	0.0
20.0	24.11068636896018	25.890717995242014	26.00180320363562	23.996792432162188	0.0
21.0	24.077683810208605	26.00152233079518	25.87597217111897	24.044821687877246	0.0
22.0	24.149727693781195	25.882291810028846	25.930321065743904	24.037659430446055	0.0
23.0	24.048473034802953	25.837492591978833	26.02090255678547	24.09313181643275	0.0
24.0	23.99665199574197	25.90560425578528	26.095614732342227	24.002129016130528	0.0
25.0	24.123325646779932	25.895071524268822	25.930040192903466	24.051562636047784	0.0
26.0	24.163069153702043	25.837492591978833	25.995904873986397	24.003533380332723	0.0
27.0	24.13189226841332	25.877797844581824	26.015846845657563	23.974463041347292	0.0
28.0	24.02895237239245	25.95419525718122	26.021885611727	23.994966758699334	0.0
29.0	24.063921041027093	26.01711077343954	26.013880735774492	23.90508744975887	0.0
30.0	24.07290897192114	25.88369617423104	26.024694340131393	24.018700513716425	0.0
31.0	24.125713065923666	25.941555979361464	26.033401398185003	23.89932955652987	0.0
32.0	24.011116947024576	25.87850002668292	26.021183429625903	24.089199596666603	0.0
33.0	24.005780363056235	25.860945474155482	26.138588276929386	23.994685885858896	0.0
34.0	24.202812660624158	25.94113467010081	25.90785123850879	23.94820143076625	0.0
35.0	24.12360651962037	25.93860681453685	25.979473812820718	23.95831285302205	0.0
36.0	24.125572629503445	25.887768830417407	25.91318782247713	24.07347071760202	0.0
37.0	23.95592543387832	25.84774445065485	26.138307404088945	24.058022711377877	0.0
38.0	24.050579581106245	25.968519772043603	25.90883429345033	24.072066353399826	0.0
39.0	24.134560560397492	25.851536234000783	26.015706409237342	23.998196796364383	0.0
40.0	24.05535441939371	25.9324276120472	25.95953184114956	24.052686127409537	0.0
41.0	24.02796931745091	25.963464060915705	25.983967778267747	24.024598843365645	0.0
42.0	24.06841500647412	25.963604497335922	25.981299486283575	23.986681009906384	0.0
43.0	24.09172745223055	25.918945715706126	25.973996792432164	24.01533003963116	0.0
44.0	24.063218858925996	26.01135288021054	25.99113003569894	23.93429822516452	0.0
45.0	24.093833998533846	25.965430170798776	25.943802962084977	23.99693286858241	0.0
46.0	24.049736962584927	25.842126993846076	26.03550794448829	24.072628099080703	0.0
47.0	24.186100726618037	25.89745894341255	25.99646661966728	23.919973710302134	0.0
48.0	24.044540815036807	25.95967227756978	26.008122842545493	23.987664064847923	0.0
49.0	24.138914089424297	25.931304120685443	25.96571104363921	23.96407074625105	0.0
50.0	24.103664547949208	25.945207326287168	25.991551344959596	23.959576780804028	0.0
51.0	24.109843750438863	25.965289734378555	26.024694340131393	23.90017217505119	0.0
52.0	24.075155954644654	25.968098462782947	25.904761637263963	24.051983945308443	0.0
53.0	24.053809618771293	25.95096521951617	25.9692219541447	24.026003207567836	0.0
54.0	24.082458648496065	25.927793210179956	25.995202691885304	23.994545449438675	0.0
55.0	24.11855080849247	25.88720708473653	25.965991916479652	24.02825019029135	0.0
56.0	24.129364412849373	25.876112607539188	25.98958523507652	24.004937744534914	0.0
57.0	24.03274415573837	26.040563655616193	25.980175994921815	23.946516193723618	0.0
58.0	24.078947737990582	26.00685891476352	25.912204767535595	24.001988579710307	0.0
59.0	24.053950055191514	25.962481005974166	25.95293132939924	24.03063760943508	0.0
60.0	23.9882258105288	26.04983245935068	25.94843736395222	24.013504366168302	0.0
61.0	24.055635292234147	25.960795768931533	25.927793210179956	24.055775728654368	0.0
62.0	24.058163147798098	25.983827341847526	25.93439372193027	24.023615788424106	0.0
63.0	24.119533863434008	25.991410908539375	25.91824353360503	23.970811694421585	0.0
64.0	24.02516058904652	25.98860218013499	25.916979605823055	24.069257624995437	0.0
65.0	23.99637112290153	26.01556597281713	25.968660208463824	24.019402695817522	0.0
66.0	24.061954931144022	25.928354955860833	25.9533526386599	24.056337474335244	0.0
67.0	23.965896419713903	26.057837335303187	25.957144422005822	24.019121822977084	0.0
68.0	24.081756466394967	25.97778857577809	25.935376776871806	24.005078180955135	0.0
69.0	23.94609488446296	25.980175994921815	25.986355197411477	24.08737392320375	0.0
70.0	24.045523869978343	25.828645097505003	26.00952720674769	24.11630382576896	0.0
71.0	23.992719775975825	25.92652928239798	25.955880494223848	24.124870447402348	0.0
72.0	24.063780604606876	26.073425777947552	25.850131869798588	24.012661747646987	0.0
73.0	24.011116947024576	25.983827341847526	25.97217111896931	24.03288459215859	0.0
74.0	23.978114388273	26.007280224024175	25.944505144186074	24.070100243516755	0.0
75.0	23.966598601815	25.973996792432164	25.900408108237155	24.15899649751568	0.0
76.0	23.962947254889293	26.014161608614934	25.92624840955754	24.096642726938235	0.0
77.0	23.989489738310773	25.95812747694736	25.96149795103263	24.090884833709232	0.0
78.0	24.009712582822377	26.020340811104585	25.859260237112853	24.11068636896018	0.0
79.0	24.0206666235995	25.955880494223848	25.95293132939924	24.07052155277741	0.0
80.0	23.983872281501995	25.84605921361222	26.013880735774492	24.15618776911129	0.0
81.0	23.99889897846548	25.975822465895014	26.004752368460228	24.02052618717928	0.0
82.0	23.98232748087958	25.994360073363985	25.925124918195785	24.098187527560647	0.0
83.0	24.038502048967374	25.906446874306592	25.94197728862212	24.11307378810391	0.0
84.0	24.017436585934448	25.982984723326208	25.937202450334663	24.06237624040468	0.0
85.0	24.031339791536176	26.037754927211804	25.919928770647665	24.010976510604355	0.0
86.0	24.036957248344955	25.994219636943765	25.915575241620857	24.053247873090417	0.0
87.0	24.0250201526263	26.00910589748703	25.911362149014277	24.05451180087239	0.0
88.0	24.006482545157333	25.89984636255628	26.019357756163053	24.07431333612334	0.0
89.0	24.034710265621445	25.896897197731672	26.063314355691748	24.005078180955135	0.0
90.0	23.988085374108582	26.022166484567443	25.975541593054572	24.0142065482694	0.0
91.0	23.97558653270905	26.10460266323627	25.8891731946196	24.03063760943508	0.0
92.0	24.050158271845586	25.987899998033893	25.871759078512387	24.09018265160814	0.0
93.0	24.011397819865014	26.0225877938281	25.94731387259046	24.018700513716425	0.0
94.0	24.090603960868794	25.918805279285912	25.93874725095707	24.051843508888222	0.0
95.0	24.053809618771293	25.948577800372437	25.946752126909583	24.050860453946683	0.0
96.0	23.898206065168118	25.998854038811007	25.935657649712248	24.167282246308627	0.0
97.0	23.967581656756536	26.051096387132656	25.946611690489362	24.034710265621445	0.0
98.0	24.02010487791862	25.919086152126347	25.85111492474012	24.20969404521491	0.0
99.0	23.99580937722065	25.961778823873065	26.055169043319022	23.987242755587264	0.0
100.0	23.959998090064687	26.02202604814722	25.94057292441993	24.077402937368163	0.0
101.0	24.03358677425969	25.937483323175098	25.910379094072738	24.11855080849247	0.0
102.0	23.984434027182875	26.014161608614934	25.99098959927872	24.01041476492348	0.0
103.0	24.013363929748085	25.986355197411477	25.908974729870543	24.09130614296989	0.0
104.0	23.95311670547393	26.054185988377483	25.915715678041078	24.076981628107507	0.0
105.0	23.99075366609275	25.951386528776826	25.98663607025192	24.071223734878508	0.0
106.0	24.14579547401505	25.95082478309595	25.935095904031368	23.968283838857634	0.0
107.0	24.040468158850445	26.041406274137508	25.914873059519767	24.003252507492284	0.0
108.0	24.073611154022238	25.950403473835294	25.997028365348157	23.978957006794314	0.0
109.0	23.901155229992728	26.045900239584537	25.97259242822997	24.080352102192773	0.0
110.0	24.050439144686024	25.953773947920556	25.8956332699497	24.100153637443718	0.0
111.0	23.9182884732595	25.955037875702537	25.995202691885304	24.13147095915266	0.0
112.0	24.024177534104986	25.990427853597843	25.94464558060629	24.040749031690883	0.0
113.0	23.92306331154696	26.008263278965714	25.93453415835049	24.134139251136833	0.0
114.0	23.91365407139226	26.07075748596338	25.992534399901135	24.023054042743226	0.0
115.0	24.03386764710013	26.02876699631776	25.87498911617743	24.06237624040468	0.0
116.0	24.002409888970966	26.038737982153336	25.95517831212275	24.00367381675294	0.0
117.0	23.930366005398376	25.9526504565588	25.890296685981358	24.226686852061466	0.0
118.0	23.97853569753366	26.012897680832957	25.906166001466158	24.102400620167234	0.0
119.0	23.947920557925812	26.03635056300961	25.896897197731672	24.11883168133291	0.0
120.0	24.06841500647412	26.013038117253174	25.99127047211916	23.927276404153545	0.0
121.0	23.96842427527785	26.12159547008283	25.86866947726756	24.04131077737176	0.0
122.0	24.11110767822084	25.906727747147034	25.928214519440612	24.053950055191514	0.0
123.0	24.008308218620183	25.99281527274157	25.86614162170361	24.132734886934635	0.0
124.0	23.94469052026076	26.026800886434685	25.915575241620857	24.112933351683694	0.0
125.0	23.911407088668746	26.109377501523735	25.919086152126347	24.06012925768117	0.0
126.0	24.01434698468962	25.92147357127008	25.870776023570848	24.19340342046945	0.0
127.0	23.953678451154808	25.951246092356605	25.955037875702537	24.14003758078605	0.0
128.0	23.941881791856375	26.022868666668543	25.952369583718365	24.082879957756724	0.0
129.0	23.933876915903863	26.000820148694082	25.95082478309595	24.114478152306106	0.0
130.0	24.02740757177003	26.02792437779644	25.890015813140916	24.054652237292608	0.0
131.0	24.084284321958922	26.021183429625903	25.79058682762553	24.103945420789646	0.0
132.0	24.045945179239002	25.971328500447992	25.97680552083655	24.005920799476453	0.0
133.0	23.946656630143835	25.976243775155673	25.904199891583087	24.172899703117405	0.0
134.0	23.96350900057017	26.05755646246275	25.868107731586683	24.110826805380402	0.0
135.0	23.987383192007485	25.995062255465086	25.91304738605691	24.104507166470523	0.0
136.0	24.094395744214722	25.965570607218996	25.915575241620857	24.024458406945424	0.0
137.0	24.009712582822377	25.983406032586863	25.889734940300478	24.117146444290277	0.0
138.0	24.07670075526707	25.91332825889735	25.873303879134802	24.13666710670078	0.0
139.0	24.02825019029135	25.987338252353016	25.910098221232303	24.07431333612334	0.0
140.0	24.0149087303705	26.071038358803815	25.7672743818691	24.146778528956585	0.0
141.0	23.988787556209676	26.0341035802861	25.9273719009193	24.049736962584927	0.0
142.0	24.03864248538759	26.00587585982198	25.84493572225047	24.110545932539964	0.0
143.0	24.02024531433884	25.96669409858075	25.861085910575703	24.151974676504707	0.0
144.0	24.01195956554589	26.130583400976874	25.832296444430714	24.02516058904652	0.0
145.0	24.05001783542537	26.063735664952407	25.842407866686518	24.04383863293571	0.0
146.0	23.94483095668098	26.04449587538234	25.846620959293098	24.16405220864358	0.0
147.0	24.086250431841993	25.948577800372437	25.826257678361277	24.138914089424297	0.0
148.0	24.030216300174423	26.04941115009002	25.897178070572107	24.023194479163447	0.0
149.0	24.045664306398564	26.051798569233753	25.823448949956884	24.0790881744108	0.0
