# Position (bp)	A	C	G	T	N
0.0	24.151090057537463	25.78540187510737	26.064499412796806	23.99900865455836	0.0
1.0	24.117153374094904	25.90073027236653	26.07717286304506	23.904943490493505	0.0
2.0	24.112788074564946	25.853697690334098	26.03225252272068	24.00126171238027	0.0
3.0	24.10011462431669	25.873130314048097	26.018452543561466	24.008302518073748	0.0
4.0	24.04421062711048	25.860316047685966	26.100125889605803	23.99534743559775	0.0
5.0	24.095749324786734	25.828350789837586	26.11251770762632	23.963382177749367	0.0
6.0	24.101100337113778	25.8846772353854	26.055768813736897	23.95845361376393	0.0
7.0	24.120251328600034	25.897350685633658	25.961562833558173	24.020835152208136	0.0
8.0	24.166579830063114	25.8551058514728	25.986768917940818	23.991545400523272	0.0
9.0	24.164185956127334	25.852007896967667	26.002681138808075	23.981125008096924	0.0
10.0	24.040408592036002	25.914107803184134	26.014932140714723	24.030551464065137	0.0
11.0	24.12194112196647	25.840601791744234	26.079848369208587	23.957608717080713	0.0
12.0	24.091947289712255	25.90903842308483	26.000991345441644	23.99802294176127	0.0
13.0	24.009851495326313	25.91481188375348	26.07506062133702	24.000275999583184	0.0
14.0	24.030551464065137	25.854824219245053	26.111531994829235	24.003092321860574	0.0
15.0	24.048716742754305	25.90242006573296	25.999442368189072	24.049420823323654	0.0
16.0	24.04801266218496	25.953254682839866	25.976911789969947	24.021820865005225	0.0
17.0	24.0353392119367	25.966913845885216	25.969307719820993	24.028439222357093	0.0
18.0	24.049561639437524	25.851444632512187	26.05309330757337	24.045900420476915	0.0
19.0	24.023792290599395	25.92776696622948	26.043376995716372	24.00506374745475	0.0
20.0	24.147006390235248	25.9549444762063	25.96015467241947	23.937894461138978	0.0
21.0	24.077443229983693	25.88509968372701	26.037040270592243	24.000416815697054	0.0
22.0	24.054771835650698	25.929175127368175	26.027323958735245	23.988729078245882	0.0
23.0	24.078288126666912	25.925513908407567	25.992260746381728	24.00393721854379	0.0
24.0	24.022102497232964	25.84172832065519	26.083791220396936	24.052377961714917	0.0
25.0	24.049139191095918	25.88481805149927	26.012819899006683	24.053222858398133	0.0
26.0	24.08532893236039	25.925513908407567	26.117305455497885	23.871851703734162	0.0
27.0	24.059137135180652	25.904532307441002	26.002399506580335	24.033931050798003	0.0
28.0	24.000557631810924	25.95564855677565	25.972124042098386	24.071669769315044	0.0
29.0	24.050124903893003	25.9646607880633	26.063936148341327	23.92127815970237	0.0
30.0	24.104339107732777	25.92452819561048	25.904250675213262	24.06688202144348	0.0
31.0	24.043506546541135	25.898054766203003	26.057599423217198	24.00083926403866	0.0
32.0	24.05955958352226	25.946777141601867	26.036477006136767	23.957186268739108	0.0
33.0	24.145457412982683	25.828773238179192	26.01634030185342	24.009429046984703	0.0
34.0	24.04519633990757	25.876087452439357	26.1149115815621	23.963804626090973	0.0
35.0	24.135037020556336	25.902138433505222	26.04717903079085	23.91564551514759	0.0
36.0	24.051955513373308	25.857640541522446	26.063936148341327	24.02646779676292	0.0
37.0	24.107296246124037	25.86693440503784	25.94283429041352	24.082935058424606	0.0
38.0	24.07533098827565	25.970575064845818	25.970715880959688	23.98337806591884	0.0
39.0	24.075049356047913	25.95240978615665	26.0381667995032	23.93437405829224	0.0
40.0	24.01351271428692	25.925795540635306	26.05196677866242	24.008724966415357	0.0
41.0	24.06660038921574	25.839897711174885	26.064640228910672	24.0288616706987	0.0
42.0	24.128137030976728	25.903546594643917	26.016481117967295	23.951835256412064	0.0
43.0	24.15756759877546	25.84102424008584	26.046756582449245	23.954651578689454	0.0
44.0	23.993939274459056	25.98184035395538	26.055627997623027	23.968592373962537	0.0
45.0	24.12419417978838	25.87144052068166	25.938187358655824	24.06617794087413	0.0
46.0	23.996896412850315	25.93438532358135	26.022254578635945	24.046463684932395	0.0
47.0	24.033367786342527	25.949311831651517	25.972124042098386	24.04519633990757	0.0
48.0	24.04435144322435	25.95184652170117	26.078721840297632	23.92508019477685	0.0
49.0	24.107859510579516	25.90608128469357	25.935793484720044	24.050265720006873	0.0
50.0	24.012667817603703	25.985783205143733	26.06717491896033	23.93437405829224	0.0
51.0	24.053222858398133	25.923120034471786	26.02352192366077	24.000135183469315	0.0
52.0	23.999712735127705	25.9322730818733	25.990993401356903	24.077020781642087	0.0
53.0	23.97140869623993	25.978883215564124	26.040419857325116	24.009288230870833	0.0
54.0	24.015484139881092	25.942271025958043	26.03211170660681	24.010133127554052	0.0
55.0	24.02125760054975	25.962830178582998	26.01971988858629	23.99619233228097	0.0
56.0	24.04449225933822	25.94297510652739	26.00366685160516	24.008865782529227	0.0
57.0	24.037029005303133	25.972828122667735	26.03197089049294	23.958171981536193	0.0
58.0	24.04111267260535	25.9646607880633	25.984375044005038	24.009851495326313	0.0
59.0	24.022384129460704	26.0497137208405	26.00789133502125	23.920010814677546	0.0
60.0	24.03252288965931	25.941989393730303	26.045770869652156	23.979716846958233	0.0
61.0	24.030973912406743	25.965224052518778	25.927344517887875	24.076457517186604	0.0
62.0	24.04759021384335	25.849754839145756	26.062527987202632	24.040126959808266	0.0
63.0	24.09462279587578	25.963534259152343	25.9974709425949	23.944372002376976	0.0
64.0	24.13067172102638	25.94973427999313	25.95832406293917	23.961269936041322	0.0
65.0	24.08687790961295	25.947762854398952	26.026760694279766	23.938598541708327	0.0
66.0	23.99548825171162	25.981417905613775	26.0169035663089	24.006190276365704	0.0
67.0	23.978167869705665	26.01943825635855	25.948044486626692	24.054349387309088	0.0
68.0	24.06983915983474	26.012819899006683	25.950860808904086	23.966480132254496	0.0
69.0	24.058151422383567	25.896083340608833	26.008454599476728	24.037310637530872	0.0
70.0	24.08448403567717	25.904109859099396	26.007328070565773	24.00407803465766	0.0
71.0	24.120532960827774	25.969589352048732	25.898054766203003	24.011822920920487	0.0
72.0	24.003796402429924	25.98944442410434	25.944524083779957	24.06223508968578	0.0
73.0	23.982392353121753	25.919881263852783	25.97353220323708	24.12419417978838	0.0
74.0	24.011400472578877	25.95832406293917	26.03225252272068	23.99802294176127	0.0
75.0	24.117153374094904	25.93480777192296	25.87256704959262	24.07547180438952	0.0
76.0	23.990982136067796	26.046615766335375	25.961281201330433	24.0011208962664	0.0
77.0	24.028298406243223	25.99578114922847	25.908052710287745	24.067867734240565	0.0
78.0	23.975210731314405	25.988599527421126	26.042391282919287	23.993798458345186	0.0
79.0	24.027875957901614	26.035209661111942	26.000428080986165	23.936486300000283	0.0
80.0	23.94634342797115	26.074074908539934	25.917909838258613	24.061671825230306	0.0
81.0	24.007880069732142	26.027605590962988	25.940581232591608	24.023933106713265	0.0
82.0	23.99872702233062	25.874256842959053	25.994372988089776	24.132643146620556	0.0
83.0	23.996051516167096	25.82342222585215	26.126458502899403	24.05406775508135	0.0
84.0	23.95282096920915	26.054501468712065	25.9549444762063	24.037733085872482	0.0
85.0	24.067445285898955	25.965364868632644	25.98606483737147	23.981125008096924	0.0
86.0	23.929727126534544	26.13983603371701	25.884254787043794	24.046182052704655	0.0
87.0	24.042380017630176	25.871862969023272	25.979446480019604	24.10631053332695	0.0
88.0	23.996614780622576	25.966632213657476	26.04943208861276	23.987320917107187	0.0
89.0	23.953665865892365	26.027887223190728	25.991697481926252	24.026749428990655	0.0
90.0	24.034916763595092	25.944383267666087	25.976911789969947	24.043788178768875	0.0
91.0	23.968029109507057	25.871722152909406	26.00831378336286	24.151934954220682	0.0
92.0	23.986757652651708	26.042109650691547	25.9105874003374	24.06054529631935	0.0
93.0	23.993235193889706	25.97198322598452	26.012538266778947	24.022243313346834	0.0
94.0	23.959580142674884	26.070272873465456	25.931569001303956	24.0385779825557	0.0
95.0	23.966480132254496	26.008736231704464	25.98043219281669	24.04435144322435	0.0
96.0	24.009710679212443	25.920022079966653	26.014509692373117	24.055757548447783	0.0
97.0	23.98056174364145	26.10068915406128	25.901715985163616	24.01703311713366	0.0
98.0	23.97929439861662	26.027887223190728	25.972687306553865	24.02013107163879	0.0
99.0	24.0011208962664	25.974658732148036	25.941144497047087	24.083075874538476	0.0
100.0	23.950849543614975	26.061260642177807	25.890309879940183	24.09757993426704	0.0
101.0	24.008865782529227	25.943256738755128	25.93410369135361	24.113773787362035	0.0
102.0	24.02252494557457	25.96043630464721	25.942130209844173	24.074908539934043	0.0
103.0	23.95901687821941	25.95395876340921	25.969307719820993	24.117716638550384	0.0
104.0	23.950286279159496	25.947903670512822	25.945228164349306	24.156581885978376	0.0
105.0	23.987320917107187	26.05168514643468	25.988740343534992	23.972253592923146	0.0
106.0	24.052096329487178	25.885803764296355	25.967477110340692	24.09462279587578	0.0
107.0	23.931557736014845	26.0330974194039	25.970434248731948	24.064910595849305	0.0
108.0	23.992671929434227	26.063654516113587	25.890450696054053	24.053222858398133	0.0
109.0	24.012245369262093	26.020001520814027	25.911009848679008	24.05674326124487	0.0
110.0	24.048998374982045	25.961281201330433	26.022254578635945	23.96746584505158	0.0
111.0	24.037451453644742	26.026479062052026	25.873552762389707	24.06251672191352	0.0
112.0	24.0173147493614	25.996203597570076	26.001132161555514	23.985349491513013	0.0
113.0	24.046182052704655	25.971279145415167	25.875383371870008	24.107155430010167	0.0
114.0	24.011541288692747	26.012115818437337	25.870454807884574	24.10588808498534	0.0
115.0	24.028720854584833	26.086466726560452	25.895520076153357	23.98929234270136	0.0
116.0	24.003655586316054	26.02169131418046	25.917769022144743	24.05688407735874	0.0
117.0	24.01942699106944	26.013383163462162	25.943960819324474	24.02322902614392	0.0
118.0	24.02125760054975	26.108152408096363	25.836095676100406	24.034494315253482	0.0
119.0	24.056179996789393	25.951001625017955	25.973109754895475	24.01970862329718	0.0
120.0	24.054912651764567	25.990711769129167	25.875242555756138	24.079133023350128	0.0
121.0	23.97126788012606	25.96761792645456	25.905095571896485	24.156018621522897	0.0
122.0	23.982533169235623	25.99197911415399	25.9322730818733	24.09321463473708	0.0
123.0	24.02351065837166	25.94283429041352	25.903124146302307	24.13053090491251	0.0
124.0	24.03562084416444	26.00423011606064	25.896505788950442	24.06364325082448	0.0
125.0	24.03787390198635	25.975503628831255	25.90932005531257	24.077302413869823	0.0
126.0	23.93451487440611	26.00760970279351	25.938609806997437	24.11926561580295	0.0
127.0	23.873682313214466	25.979446480019604	25.97367301935095	24.173198187414982	0.0
128.0	24.02717187733227	25.95043836056248	25.916079228778305	24.10631053332695	0.0
129.0	23.954510762575584	26.10533608581897	25.855809932042146	24.0843432195633	0.0
130.0	24.070402424290215	25.98845871130725	25.86045686379984	24.080682000602692	0.0
131.0	23.947751589109846	26.032815787176155	25.927626150115614	24.09180647359839	0.0
132.0	23.97647807633923	25.978601583336385	25.949452647765387	24.095467692558994	0.0
133.0	23.934796506633845	25.968322007023907	25.947903670512822	24.14897781582942	0.0
134.0	23.960143407130367	26.037603535047722	25.959168959622385	24.043084098199525	0.0
135.0	24.033226970228657	26.1033646602248	25.77019373480946	24.09321463473708	0.0
136.0	23.9715495123538	26.002399506580335	25.882705809791222	24.14334517127464	0.0
137.0	24.120251328600034	25.967054661999082	25.851444632512187	24.061249376888696	0.0
138.0	24.040971856491485	25.931005736848476	25.9221343216747	24.10588808498534	0.0
139.0	23.95887606210554	26.02971783267103	25.864258898874315	24.147147206349118	0.0
140.0	23.981688272552404	25.951424073359565	26.009581128387683	24.057306525700348	0.0
141.0	24.05111061669009	25.941707761502563	25.90636291692131	24.100818704886038	0.0
142.0	23.984222962602058	25.883128258132835	26.03873006395868	24.09391871530643	0.0
143.0	24.014780059311747	26.024507636457855	25.911713929248354	24.048998374982045	0.0
144.0	23.963100545521627	26.048446375815676	25.916783309347657	24.071669769315044	0.0
145.0	23.985490307626883	26.064499412796806	25.790612071320545	24.159398208255766	0.0
146.0	23.87832924497216	26.100970786289018	25.965787316974254	24.054912651764567	0.0
147.0	23.99914947067223	26.006060725540948	25.799483486494328	24.195306317292502	0.0
148.0	23.957186268739108	26.02169131418046	25.89383028278692	24.127292134293512	0.0
149.0	23.970845431784447	26.027323958735245	25.944242451552217	24.057588157928087	0.0
