# Position (bp)	A	C	G	T	N
0.0	24.179694488938853	25.908284694721388	25.96970811197658	23.942312704363175	0.0
1.0	24.056565895633724	25.871796930801448	25.967876679810715	24.103760493754113	0.0
2.0	24.152786524040366	25.80854208138039	25.954774895854904	24.083896498724336	0.0
3.0	24.19660001662377	25.96928547378446	25.893351478599712	23.94076303099206	0.0
4.0	24.188851649768182	25.805583614035534	25.93167067468552	24.07389406151076	0.0
5.0	24.050648960944006	25.88616662933363	26.027468664900038	24.03571574482233	0.0
6.0	24.147292227542767	25.81037351354626	26.016761830699593	24.02557242821138	0.0
7.0	24.037265418193446	25.856018438295532	26.110164871158748	23.996551272352278	0.0
8.0	24.147151348145393	25.83404125230514	26.001124217591048	24.01768318195842	0.0
9.0	24.108409513867464	25.821925624130948	25.95562017223915	24.114044689762434	0.0
10.0	24.0610740363497	25.901240724852677	26.029722735258026	24.007962503539595	0.0
11.0	24.186738458807568	25.866443513701228	25.99168529796697	23.955132729524237	0.0
12.0	24.070653835371154	25.851369418182173	25.954352257662784	24.123624488783886	0.0
13.0	24.014865594010935	25.94350454406496	26.065365222793723	23.976264639130378	0.0
14.0	24.026558583993	25.97858351401116	26.01042225781775	23.984435644178088	0.0
15.0	24.14940541850338	25.821643865336203	25.997038715067195	24.031912001093225	0.0
16.0	24.10981830784121	25.936883212388373	25.98379605171401	23.969502428056412	0.0
17.0	24.093335418348413	25.927866930956416	25.986331880866747	23.99246576982842	0.0
18.0	24.13714891093182	25.82939223219179	26.075508539404673	23.95795031747172	0.0
19.0	24.019232855329538	25.925471981201053	26.08396130324713	23.97133386022228	0.0
20.0	23.996833031147023	26.00351916734641	25.97308921751356	24.026558583993	0.0
21.0	24.2156187352693	25.863485046356367	25.926880775174798	23.99401544319954	0.0
22.0	24.059101724786462	25.871656051404074	26.01760710708384	24.051635116725624	0.0
23.0	24.102915217369866	25.844748086505586	26.037471102113614	24.014865594010935	0.0
24.0	23.911741875132954	26.009295222638755	26.083820423849758	23.995142478378533	0.0
25.0	24.062764589118192	25.9164556997691	25.964918212465854	24.055861498646852	0.0
26.0	24.00120029246563	25.966045247644846	25.98210549894552	24.050648960944006	0.0
27.0	24.069245041397412	25.87419188055681	26.081002835902268	23.97556024214351	0.0
28.0	24.117284915902044	25.920259443498207	25.9657634888501	23.996692151749652	0.0
29.0	24.152504765245617	25.906735021350276	25.99393936832496	23.946820845079152	0.0
30.0	24.084741775108583	25.877150347901672	25.858413388050895	24.179694488938853	0.0
31.0	24.06135579514445	25.867288790085475	26.05789861473289	24.01345680003719	0.0
32.0	24.062764589118192	25.886025749936252	26.008590825651883	24.04261883529367	0.0
33.0	24.075302855484505	25.974638890884684	25.91716009675597	24.032898156874843	0.0
34.0	23.99626951355753	25.981823740150766	25.991121780377473	24.03078496591423	0.0
35.0	24.10502840833048	25.833900372907763	25.95956479536563	24.101506423396124	0.0
36.0	23.999509739697135	25.99337585073546	26.03704846392149	23.97006594564591	0.0
37.0	24.16349335824081	25.933924745043512	25.906735021350276	23.995846875365405	0.0
38.0	24.10235169978037	25.93843288575949	25.938010247567366	24.021205166892777	0.0
39.0	24.081078910776853	25.941109594309598	26.01169017239412	23.96612132251943	0.0
40.0	24.03796981518032	25.912370197245245	26.013944242752107	24.03571574482233	0.0
41.0	24.04261883529367	25.903494795210662	26.015775674917975	24.038110694577693	0.0
42.0	24.064032503694563	25.9460403732177	25.910538765079377	24.079388358008362	0.0
43.0	24.18025800652835	25.946885649601946	25.870669895622456	24.002186448247247	0.0
44.0	24.016837905574175	25.988163313032615	25.98421868990613	24.01078009148708	0.0
45.0	24.040505644333056	25.92645813698267	25.988585951224735	24.044450267459535	0.0
46.0	24.04656345842015	25.95618368982865	25.964918212465854	24.032334639285345	0.0
47.0	23.992184011033675	25.896169066547202	25.999151906027805	24.112495016391318	0.0
48.0	24.018951096534792	25.82263002111782	26.09734484599769	24.0610740363497	0.0
49.0	24.066145694655177	25.95392961947066	26.015493916123223	23.964430769750937	0.0
50.0	23.988380267304567	25.91758273494809	25.97816087581904	24.115876121928302	0.0
51.0	23.925688935473012	25.9657634888501	26.019438539249705	24.089109036427185	0.0
52.0	24.072344388139648	25.907157659542396	25.971680423539823	24.048817528778137	0.0
53.0	24.138698584302936	25.8074150462014	25.97477977028205	24.079106599213613	0.0
54.0	24.011061850281827	25.908848212310886	26.023383162376184	24.0567067750311	0.0
55.0	23.95062458880826	25.95914215717351	25.979006152203283	24.11122710181495	0.0
56.0	24.034166071451214	25.95688808681552	25.918287131934964	24.0906587097983	0.0
57.0	24.071358232358026	25.842775774942346	26.076776453981044	24.00908953871859	0.0
58.0	24.048958408175515	25.902508639429044	26.006900272883392	24.041632679512052	0.0
59.0	24.115876121928302	25.933924745043512	26.013944242752107	23.936254890276082	0.0
60.0	24.07572549367663	25.88701190571787	26.01464863973898	24.022613960866522	0.0
61.0	24.019514614124287	25.918709770127084	26.008309066857137	24.053466548891492	0.0
62.0	24.093335418348413	25.92392230782994	25.959001277776135	24.023740996045515	0.0
63.0	24.07572549367663	25.97985142858753	25.904340071594913	24.040083006140932	0.0
64.0	23.968798031069543	25.989572107006353	25.944208941051834	24.09742092087227	0.0
65.0	24.044591146856913	26.008168187459763	25.896450825341947	24.05078984034138	0.0
66.0	24.01965549352166	26.058603011719754	25.966890524029097	23.95485097072949	0.0
67.0	24.018810217137414	25.965340850657974	25.9559019310339	24.05994700117071	0.0
68.0	24.046422579022774	25.959846554160382	25.93167067468552	24.06206019213132	0.0
69.0	24.059101724786462	25.912229317847867	26.006477634691272	24.0221913226744	0.0
70.0	24.025008910621885	25.996616076875068	25.957733363199765	24.020641649303283	0.0
71.0	24.080938031379475	26.000419820604176	25.888702458486364	24.029939689529982	0.0
72.0	24.04360499107529	25.979710549190155	25.943222785270216	24.03346167446434	0.0
73.0	24.115453483736175	25.902086001236924	25.909693488695133	24.072767026331768	0.0
74.0	24.023036599058646	25.987881554237863	25.957028966212892	24.0320528804906	0.0
75.0	24.026558583993	26.01169017239412	25.92096384048508	24.040787403127805	0.0
76.0	23.944848533515913	25.930684518903902	25.96548173005535	24.158985217524833	0.0
77.0	24.034025192053836	25.950830272728425	25.981964619548144	24.033179915669592	0.0
78.0	24.104887528933105	25.886730146923124	25.952520825496915	24.055861498646852	0.0
79.0	24.096293885693274	25.91124316206625	25.99436200651708	23.998100945723394	0.0
80.0	24.078965719816235	26.05789861473289	25.898564016302565	23.964571649148315	0.0
81.0	24.069245041397412	25.980837584369148	25.879122659464908	24.070794714768528	0.0
82.0	23.986267076343953	26.02648250911842	25.94040519732273	24.046845217214898	0.0
83.0	24.103760493754113	25.9213864786772	25.941250473706972	24.033602553861716	0.0
84.0	24.002468207041996	25.956465448623394	25.943222785270216	24.09784355906439	0.0
85.0	24.015147352805684	25.99520728290133	25.95519753404703	24.034447830245963	0.0
86.0	24.07389406151076	25.9553384134444	25.912792835437365	24.057974689607466	0.0
87.0	23.99246576982842	25.934347383235632	25.94519509683345	24.12799175010249	0.0
88.0	24.032616398080094	25.973793614500433	25.940686956117474	24.05290303130199	0.0
89.0	24.06558217706568	25.914765147000608	25.919414167113956	24.100238508819753	0.0
90.0	24.032616398080094	25.976752081845294	25.963227659697363	24.027403860377248	0.0
91.0	24.093617177143162	25.973370976308313	25.898141378110438	24.034870468438086	0.0
92.0	24.029657930735233	26.022397006594566	25.931388915890775	24.01655614677943	0.0
93.0	24.052057754917747	25.886025749936252	25.903072157018542	24.15884433812746	0.0
94.0	24.051775996123	26.073958866033554	25.865739116714355	24.008526021129093	0.0
95.0	24.005426674386857	25.980555825574402	25.996193438682948	24.017824061355793	0.0
96.0	24.017824061355793	26.06804193134383	25.958437760186637	23.955696247113735	0.0
97.0	24.05290303130199	25.999151906027805	25.838549393021115	24.109395669649082	0.0
98.0	24.044309388062164	26.05902564991188	25.87898178006754	24.01768318195842	0.0
99.0	24.07248526753702	25.962805021505243	25.97477977028205	23.989929940675687	0.0
100.0	24.020500769905905	26.072127433867685	25.843621051326593	24.063750744899814	0.0
101.0	24.083896498724336	26.04183836343222	25.793608865258715	24.080656272584726	0.0
102.0	23.995001598981162	26.04437419258495	25.89377411679184	24.06685009164205	0.0
103.0	23.956823282292728	26.034089996576633	25.97097602655295	24.038110694577693	0.0
104.0	24.057833810210095	26.062829393640985	25.826574644244303	24.05276215190462	0.0
105.0	24.03374343325909	26.010140499023	25.91716009675597	24.03895597096194	0.0
106.0	24.017401423163673	26.001687735180546	25.92772605155904	24.053184790096743	0.0
107.0	24.007398985950097	26.012112810586242	25.92857132794329	24.051916875520373	0.0
108.0	24.09713916207752	26.001405976385794	25.8222073829257	24.079247478610984	0.0
109.0	23.988380267304567	26.065787860985846	25.967313162221217	23.97851870948837	0.0
110.0	24.003454362823618	26.00182861457792	25.90011368967368	24.094603332924784	0.0
111.0	24.04487290565166	26.0057732377044	25.906735021350276	24.04261883529367	0.0
112.0	24.033179915669592	25.968440197400213	25.88503959415463	24.113340292775565	0.0
113.0	24.053466548891492	25.92645813698267	25.95519753404703	24.06487778007881	0.0
114.0	24.023459237250766	25.919414167113956	25.95745160440502	24.09967499123026	0.0
115.0	24.055297981057354	25.99069914218535	25.907157659542396	24.046845217214898	0.0
116.0	24.053889187083612	26.02141085081294	25.901240724852677	24.023459237250766	0.0
117.0	24.052621272507242	25.908848212310886	25.85700459407715	24.181525921104722	0.0
118.0	24.003313483426243	25.963932056684236	25.929557483724906	24.103196976164615	0.0
119.0	24.05135335793088	26.02648250911842	25.8918018052286	24.030362327722106	0.0
120.0	23.994156322596915	26.030286252847525	25.917300976153346	24.058256448402215	0.0
121.0	24.090940468593054	25.939278162143736	25.91969592590871	24.050085443354508	0.0
122.0	24.07671164945825	26.03380823778188	25.901522483647426	23.987957629112447	0.0
123.0	23.997396548736525	26.016761830699593	25.863485046356367	24.12235657420752	0.0
124.0	23.97133386022228	26.050009368479927	25.847424795055694	24.1312319762421	0.0
125.0	23.89652690021653	26.051418162453665	25.932656830467142	24.119398106862658	0.0
126.0	24.089813433414058	25.97492064967943	25.847988312645192	24.08727760426132	0.0
127.0	24.036983659398697	26.01338072516261	25.869542860443463	24.08009275499523	0.0
128.0	23.976687277322505	25.999997182412056	25.853200850348042	24.1701146899174	0.0
129.0	23.99274752862317	26.00281477035954	25.840803463379103	24.163634237638185	0.0
130.0	24.025995066403503	25.9811193431639	25.847565674453072	24.145319915979528	0.0
131.0	24.022050443277024	26.01253544877836	25.94350454406496	24.02190956387965	0.0
132.0	24.062482830323447	25.946181252615077	25.94730828779407	24.044027629267415	0.0
133.0	24.033884312656465	25.92392230782994	25.846156880479327	24.19603649903427	0.0
134.0	24.040505644333056	25.960269192352502	25.90236776003167	24.09685740328277	0.0
135.0	24.013597679434568	25.968299318002835	25.91462426760323	24.103478734959364	0.0
136.0	23.905824940443235	26.02817306188691	25.90955260929776	24.1564493883721	0.0
137.0	24.069245041397412	25.907580297734516	25.87221956899357	24.150955091874497	0.0
138.0	24.008244262334344	25.99562992109345	25.90405831280016	24.092067503772046	0.0
139.0	23.982745091409598	25.94801268478094	25.83840851362374	24.23083371018572	0.0
140.0	24.033602553861716	26.01140841359937	25.820375950759832	24.134613081779083	0.0
141.0	23.99105697585468	25.98154198135602	25.839817307597485	24.187583735191815	0.0
142.0	24.060933156952327	25.99506640350395	25.805301855240785	24.138698584302936	0.0
143.0	24.046704337817523	25.988304192429982	25.826574644244303	24.138416825508187	0.0
144.0	24.0857279308902	25.9854866044825	25.826574644244303	24.102210820382993	0.0
145.0	24.03768805638557	25.89687346353407	25.901663363044797	24.16377511703556	0.0
146.0	23.984294764780714	25.977456478832167	25.865598237316977	24.172650519070142	0.0
147.0	23.964289890353566	25.92209087566407	25.941673111899092	24.17194612208327	0.0
148.0	23.90948780477497	26.06127972026987	25.867852307674973	24.161380167280196	0.0
149.0	24.0221913226744	25.981682860753395	25.87870002127279	24.117425795299418	0.0
