# Position (bp)	A	C	G	T	N
0.0	24.08532900044697	25.875455754239884	25.97707805661051	24.062137188702636	0.0
1.0	24.043443182872355	25.942922842950672	25.986635894177873	24.0269980799991	0.0
2.0	24.114564738888312	25.85226394249555	26.02079110783771	24.01238021077843	0.0
3.0	24.09882241818913	25.93463001329664	25.974266927914226	23.992280640600008	0.0
4.0	24.134102083327477	25.919028249032266	25.96653632399945	23.980333343640805	0.0
5.0	24.10739636071279	25.916638789640427	25.94081449642846	24.03515035321832	0.0
6.0	24.178799029598373	25.838489411883764	25.919028249032266	24.063683309485594	0.0
7.0	24.093340717231378	25.987760345656387	25.910735419378234	24.008163517734005	0.0
8.0	24.05201712539602	25.894993098679052	26.025851139491017	24.027138636433914	0.0
9.0	24.20958088882267	25.874471859196184	25.987198119917128	23.928749132064013	0.0
10.0	24.032901450261292	25.950794003300263	25.985651999134173	24.030652547304268	0.0
11.0	24.057077157049328	25.909892080769346	25.97918640313272	24.0538443590486	0.0
12.0	24.07085168766111	25.97061246060906	25.95374568843136	24.004790163298466	0.0
13.0	24.041194279915327	25.98438699122084	26.019947769228825	23.954470959635003	0.0
14.0	24.075068380705535	25.96484964678168	25.985792555568988	23.974289416943797	0.0
15.0	24.06298052731152	25.921136595554483	25.96723910617352	24.048643770960478	0.0
16.0	23.996919002948875	25.89007362346056	26.10582775090026	24.007179622690305	0.0
17.0	24.085610113316598	25.948123431038795	26.0186827613155	23.94758369432911	0.0
18.0	24.144643815938537	25.96499020321649	25.998302078267443	23.892063902577522	0.0
19.0	24.152093306983687	25.915654894596727	25.967098549738704	23.965153248680878	0.0
20.0	24.056233818440443	25.96625521112982	26.020650551402895	23.956860419026842	0.0
21.0	24.142957138720767	26.001113206963726	25.941798391472158	23.914131262843345	0.0
22.0	24.151531081244432	25.93631669051441	25.977780838784582	23.93437138945658	0.0
23.0	24.094043499405444	25.893446977896094	26.06492582836935	23.94758369432911	0.0
24.0	24.08504788757734	25.918466023293014	25.999004860441516	23.99748122868813	0.0
25.0	23.979630561466735	25.995912618875604	26.052837974975336	23.97161884468233	0.0
26.0	24.133680414023033	25.94854510034324	25.92914831233889	23.98862617329484	0.0
27.0	24.037539812610163	25.91424933024859	26.063520264021207	23.984690593120046	0.0
28.0	24.133820970457847	25.912422096596003	25.9322405539048	24.021516379041348	0.0
29.0	24.150406629765918	25.848890588060016	25.940533383558833	24.060169398615237	0.0
30.0	24.062558858007076	25.909892080769346	26.014184955401443	24.01336410582213	0.0
31.0	24.08940513705658	25.912703209465633	25.952902349822477	24.044989303655314	0.0
32.0	23.973586634769724	25.91017319363898	26.023040010794734	24.09320016079656	0.0
33.0	24.011958541473987	25.990290361483037	25.993242046614135	24.004509050428837	0.0
34.0	24.10472578845132	25.92999165094777	26.0415934601902	23.923689100410705	0.0
35.0	24.067618889660388	25.943063399385487	26.031192284013954	23.95812542694017	0.0
36.0	24.03402590173981	26.005048787138524	25.89527421154868	24.06565109957299	0.0
37.0	24.07886340444552	25.969347452695736	25.941095609298088	24.01069353356066	0.0
38.0	24.066494438181874	25.976515830871254	25.913546548074518	24.043443182872355	0.0
39.0	24.121733117063833	25.873347407717674	25.986776450612687	24.01814302460581	0.0
40.0	24.099384643928385	25.912843765900444	26.026272808795458	23.96149878137571	0.0
41.0	24.13564820411043	25.984527547655663	25.9183254668582	23.96149878137571	0.0
42.0	24.12805815663047	25.982981426872705	25.96400630817279	23.924954108324034	0.0
43.0	24.071273356965555	25.95768126860616	25.978061951654208	23.992983422774078	0.0
44.0	24.07886340444552	25.88908972841686	25.993523159483768	24.038523707653862	0.0
45.0	24.151531081244432	25.939268375645508	25.987619789221572	23.921580753888495	0.0
46.0	24.062418301572265	25.911719314421934	26.042858468103532	23.983003915902273	0.0
47.0	24.067900002530017	25.92450994999002	26.037938992885035	23.96965105459493	0.0
48.0	24.14675216246075	25.90792429068195	25.943063399385487	24.00226014747181	0.0
49.0	24.01645634738804	26.049605176974605	25.943625625124746	23.99031285051261	0.0
50.0	24.12131144775939	25.91467099955303	25.91017319363898	24.0538443590486	0.0
51.0	23.96346657146311	25.967098549738704	25.999285973311142	24.070148905487045	0.0
52.0	24.06059106791968	25.917482128249315	26.045247927495367	23.97667887633564	0.0
53.0	24.103460780537993	25.939408932080323	25.97567249226237	23.98145779511932	0.0
54.0	24.17219287716211	25.981294749654932	25.909329855030094	23.937182518152863	0.0
55.0	24.11217527949647	26.00659490792148	25.86913071467325	24.012099097908802	0.0
56.0	24.071976139139625	25.893025308591653	25.94489063303807	24.09010791923065	0.0
57.0	24.05651493131007	25.933505561818126	25.95304290625729	24.056936600614513	0.0
58.0	24.159683354463652	25.91003263720416	25.920012144075965	24.010271864256218	0.0
59.0	24.028825313651684	26.070548085761914	25.89007362346056	24.010552977125847	0.0
60.0	24.07211669557444	25.896679775896818	25.95571347851876	24.07549005000998	0.0
61.0	24.017861911736183	25.905394274855297	25.989025353569712	24.08771845983881	0.0
62.0	24.147173831765194	25.942220060776606	25.968082444782404	23.942523662675804	0.0
63.0	24.03782092547979	25.893868647200534	26.019385543489566	24.048924883830107	0.0
64.0	23.97161884468233	25.943625625124746	25.938987262775875	24.14576826741705	0.0
65.0	24.026857523564285	25.990852587222296	25.958805720084673	24.023484169128746	0.0
66.0	24.09418405584026	25.9561351478232	25.954167357735802	23.99551343860073	0.0
67.0	24.068462228269272	25.930272763817403	25.961054623041697	24.040210384871628	0.0
68.0	24.08223675888106	25.86336790084587	25.98326253974233	24.07113280053074	0.0
69.0	24.161229475246607	25.950512890430637	25.924088280685574	23.96416935363718	0.0
70.0	24.047519319481967	26.061411917498994	25.857464530583673	24.033604232435366	0.0
71.0	24.036415361131645	26.016012189054027	25.96653632399945	23.981036125814875	0.0
72.0	24.10402300627725	25.959649058693557	25.955432365649134	23.980895569380063	0.0
73.0	24.07085168766111	25.92746163512112	25.94446896373363	24.057217713484143	0.0
74.0	24.074927824270723	25.88445136606799	25.92549384503372	24.115126964627567	0.0
75.0	24.08223675888106	25.986635894177873	25.94784231816917	23.983285028771903	0.0
76.0	24.022781386954676	25.928726643034445	25.951075116169893	24.097416853840986	0.0
77.0	23.965856030854948	25.9014586946805	25.991274256526737	24.141411017937813	0.0
78.0	23.946880912155038	25.927321078686305	26.04946462053979	24.076333388618863	0.0
79.0	23.965856030854948	25.97820250808902	26.025148357316947	24.030793103739082	0.0
80.0	24.076614501488493	25.931256658861102	25.857464530583673	24.134664309066732	0.0
81.0	24.035572022522764	26.064223046195277	25.878126326501356	24.022078604780607	0.0
82.0	24.078301178706262	25.942922842950672	25.914389886683402	24.064386091659664	0.0
83.0	24.066494438181874	25.9163576767708	25.99296093374451	24.024186951302816	0.0
84.0	24.078301178706262	25.95571347851876	25.987900902091198	23.978084440683777	0.0
85.0	24.060028842180422	25.980310854611233	25.942360617211417	24.017299685996925	0.0
86.0	24.06593221244262	26.02177500288141	25.85324783753925	24.059044947136723	0.0
87.0	24.016878016692484	26.001675432702985	25.939549488515134	24.041897062089397	0.0
88.0	24.096011289492843	25.95262123695285	25.921558264858923	24.029809208695383	0.0
89.0	23.991718414860753	25.951918454778777	26.015309406879954	24.041053723480516	0.0
90.0	23.973867747639353	25.96695799330389	25.97665638730607	24.082517871750685	0.0
91.0	24.093340717231378	25.999988755485216	25.850436708842967	24.056233818440443	0.0
92.0	24.133680414023033	25.89878812241903	25.892322526417583	24.075208937140353	0.0
93.0	23.96698048233346	25.949247882517312	26.00392433566001	24.079847299489217	0.0
94.0	24.012661323648057	25.914389886683402	25.9561351478232	24.116813641845336	0.0
95.0	24.059044947136723	25.945733971646955	25.939549488515134	24.055671592701184	0.0
96.0	24.050471004613062	25.937441141992924	25.98537088626454	24.02671696712947	0.0
97.0	24.04428652148124	26.014325511836255	25.885013591807247	24.056374374875254	0.0
98.0	23.96796437737716	25.96442797747724	25.946296197386214	24.12131144775939	0.0
99.0	24.093902942970633	25.868990158238436	25.9998481990504	24.037258699740534	0.0
100.0	24.018002468170994	25.915514338161916	26.007297690095548	24.05918550357154	0.0
101.0	23.93915030824026	25.92549384503372	26.00800047226962	24.127355374456396	0.0
102.0	24.024468064172446	26.005611012877782	25.866038473107338	24.103882449842438	0.0
103.0	24.105569127060207	25.983684209046775	25.894430872939793	24.016315790953225	0.0
104.0	24.000011244514784	25.93364611825294	25.95360513199655	24.112737505235728	0.0
105.0	23.940696429023216	26.06281748184714	25.897523114505706	24.09896297462394	0.0
106.0	24.033323119565736	25.891338631373884	26.038922887928734	24.036415361131645	0.0
107.0	23.996637890079246	25.990852587222296	25.99745873965856	24.0150507830399	0.0
108.0	23.984831149554857	26.08685263220035	25.857183417714047	24.07113280053074	0.0
109.0	23.928468019194387	26.10231384002991	25.895414767983493	24.07380337279221	0.0
110.0	24.0160346780836	25.97454804078386	25.949247882517312	24.060169398615237	0.0
111.0	24.012239654343613	25.982559757568264	25.898225896679776	24.106974691408347	0.0
112.0	24.031214773043523	26.000691537659286	25.879672447284307	24.08842124201288	0.0
113.0	24.00043291381923	25.98087308035049	25.92760219155593	24.09109181427435	0.0
114.0	24.068462228269272	25.996334288180044	25.727730941250222	24.207472542300458	0.0
115.0	24.04597319869901	26.042717911668717	25.829353243620844	24.08195564601143	0.0
116.0	24.017861911736183	25.937581698427735	25.88445136606799	24.160105023768093	0.0
117.0	23.9972001158185	25.972439694261645	25.941517278602532	24.088842911317325	0.0
118.0	24.00928796921252	26.01067104453109	25.867303481020663	24.112737505235728	0.0
119.0	23.99438898712222	25.99647484461486	25.85366950684369	24.155466661419226	0.0
120.0	23.963747684332738	26.057898006628644	25.935895021209966	24.042459287828656	0.0
121.0	24.016596903822855	26.01151438313997	25.811643132834266	24.160245580202908	0.0
122.0	24.003244042515508	26.076310899589295	25.871379617630275	24.049065440264922	0.0
123.0	24.018002468170994	25.945171745907697	25.941517278602532	24.095308507318773	0.0
124.0	24.012942436517687	25.895976993722748	25.8736285205873	24.217452049172262	0.0
125.0	23.962342119984594	26.016996084097727	25.94446896373363	24.076192832184052	0.0
126.0	24.075068380705535	26.025148357316947	25.77748791917443	24.12229534280309	0.0
127.0	23.97119717537789	26.060006353150854	25.8487500316252	24.120046439846064	0.0
128.0	23.937463631022492	26.032878961231727	25.822606534749763	24.207050872996017	0.0
129.0	23.972883852595654	26.116369483511328	25.840597758405977	24.070148905487045	0.0
130.0	23.99579455147036	25.989025353569712	25.867303481020663	24.14787661393926	0.0
131.0	24.02657641069466	25.92802386086037	25.942220060776606	24.103179667668364	0.0
132.0	24.065510543138174	25.941236165732906	25.951215672604704	24.042037618524216	0.0
133.0	23.949410927981692	26.06590972341305	25.868287376064362	24.116391972540896	0.0
134.0	24.012520767213243	25.932943336078868	25.88248357598059	24.172052320727293	0.0
135.0	24.017299685996925	25.956837929997274	25.97173691208757	24.05412547191823	0.0
136.0	24.017299685996925	26.042717911668717	25.872504069108786	24.067478333225573	0.0
137.0	24.055952705570814	25.974407484349044	25.90511316198567	24.064526648094475	0.0
138.0	24.078020065836633	26.015028294010328	25.81824928527053	24.08870235488251	0.0
139.0	23.944069783458758	25.97173691208757	25.841159984145236	24.243033320308438	0.0
140.0	23.958265983374986	25.970753017043872	25.998583191137076	24.07239780844407	0.0
141.0	23.98216057729339	25.958946276519484	25.896820332331632	24.16207281385549	0.0
142.0	24.01238021077843	25.971877468522386	25.899631461027916	24.116110859671267	0.0
143.0	23.985533931728927	25.97946751600235	25.942922842950672	24.09207570931805	0.0
144.0	24.03515035321832	26.036955097841336	25.842565548493372	24.08532900044697	0.0
145.0	24.030933660173897	25.980591967480866	25.91017319363898	24.078301178706262	0.0
146.0	24.004087381124396	25.996615401049677	25.841159984145236	24.158137233680694	0.0
147.0	23.99635677720962	26.03006783253544	25.827244897098634	24.146330493156306	0.0
148.0	24.023203056259117	25.9561351478232	25.893165865026468	24.127495930891214	0.0
149.0	23.913428480669275	26.021493890011776	25.923526054946322	24.141551574372627	0.0
